时间            资产账户        证券代码        证券名称        可用数量        库存数量        参考成本                参考盈亏                市值                交易板块
15:07:36.750    56135092        000403          双林生物        34700           39100           73.5500                 37146.700               2912950.000             00
15:07:36.750    56135092        000513          丽珠集团        57600           57600           44.2232                 141510.090              2688768.000             00
15:07:36.750    56135092        000657          中钨高新        63600           63600           6.1518                  2430.630                393684.000              00
15:07:36.750    56135092        002106          莱宝高科        0               0               0.0000                  101011.170              0.000                   00
15:07:36.750    56135092        002153          石基信息        0               60800           38.0166                 -37486.360              2273920.000             00
15:07:36.750    56135092        002293          罗莱生活        40520           40520           9.6058                  -8338.480               380888.000              00
15:07:36.750    56135092        002312          三泰控股        100050          100050          4.9405                  -33065.390              461230.500              00
15:07:36.750    56135092        002327          富安娜          94700           94700           7.0685                  8661.870                678052.000              00
15:07:36.750    56135092        002352          顺丰控股        32500           32500           55.7945                 -8919.770               1804400.000             00
15:07:36.750    56135092        002484          江海股份        290400          290400          9.4381                  9275.920                2750088.000             00
15:07:36.750    56135092        002555          三七互娱        119400          119400          41.1087                 392977.030              5301360.000             00
15:07:36.750    56135092        002568          百润股份        24800           24800           43.8430                 23485.770               1110792.000             00
15:07:36.750    56135092        002626          金达威          167971          167971          24.8022                 301984.630              4468028.600             00
15:07:36.750    56135092        002705          新宝股份        27000           27000           33.2366                 58412.900               955800.000              00
15:07:36.750    56135092        002714          牧原股份        12310           12310           69.1855                 151591.480              1003265.000             00
15:07:36.750    56135092        002749          国光股份        26700           37400           12.6908                 9693.300                484330.000              00
15:07:36.750    56135092        002777          久远银海        89880           89880           28.7692                 111523.140              2697298.800             00
15:07:36.750    56135092        002812          恩捷股份        73131           73131           59.2036                 661572.840              4991190.750             00
15:07:36.750    56135092        002821          凯莱英          22500           22500           218.4626                324166.200              5239575.000             00
15:07:36.750    56135092        002829          星网宇达        49500           49500           31.4382                 185715.410              1741905.000             00
15:07:36.750    56135092        002841          视源股份        6500            6500            97.2883                 335.860                 632710.000              00
15:07:36.750    56135092        002861          瀛通通讯        30100           30100           27.4425                 21898.070               847917.000              00
15:07:36.750    56135092        002880          卫光生物        43150           43150           60.6768                 174463.660              2792668.000             00
15:07:36.750    56135092        002891          中宠股份        39400           39400           39.2357                 53360.000               1599246.000             00
15:07:36.750    56135092        002901          大博医疗        19500           21500           92.8688                 285546.200              2282225.000             00
15:07:36.750    56135092        002913          奥士康          20300           20300           52.6389                 110860.910              1179430.000             00
15:07:36.750    56135092        002916          深南电路        16700           16700           153.7576                214634.530              2782387.000             00
15:07:36.750    56135092        002947          恒铭达          97              97              -5325.8857              522751.010              6140.100                00
15:07:36.750    56135092        082861          瀛通配债        746             746             0.0000                  0.000                   0.000                   00
15:07:36.750    56135092        300119          瑞普生物        35400           35400           13.9234                 280956.740              773844.000              00
15:07:36.750    56135092        300138          晨光生物        25200           25200           12.1444                 -15986.160              290052.000              00
15:07:36.750    56135092        300196          长海股份        34000           34000           10.8382                 -1300.120               367200.000              00
15:07:36.750    56135092        300220          金运激光        44040           80500           37.3974                 -82702.780              2927785.000             00
15:07:36.750    56135092        300258          精锻科技        22900           22900           11.2738                 -9705.070               248465.000              00
15:07:36.750    56135092        300308          中际旭创        32300           32300           62.8227                 -33357.730              1995817.000             00
15:07:36.750    56135092        300327          中颖电子        99800           99800           29.8093                 353361.000              3328330.000             00
15:07:36.750    56135092        300395          菲利华          87500           129700          28.8178                 599502.920              4337168.000             00
15:07:36.750    56135092        300413          芒果超媒        0               57800           62.5184                 -64066.110              3549498.000             00
15:07:36.750    56135092        300423          鲁亿通          75900           75900           14.6010                 -154908.580             953304.000              00
15:07:36.750    56135092        300440          运达科技        141300          141300          10.1117                 -15778.270              1413000.000             00
15:07:36.750    56135092        300462          华铭智能        30500           30500           21.8677                 41854.260               708820.000              00
15:07:36.750    56135092        300476          胜宏科技        64900           64900           23.3138                 36097.140               1549163.000             00
15:07:36.750    56135092        300504          天邑股份        11200           11200           19.0464                 90424.220               303744.000              00
15:07:36.750    56135092        300552          万集科技        680             680             -14.8951                38817.890               28689.200               00
15:07:36.750    56135092        300559          佳发教育        127650          127650          21.2501                 81682.250               2794258.500             00
15:07:36.750    56135092        300566          激智科技        75800           75800           25.5047                 159584.980              2092838.000             00
15:07:36.750    56135092        300572          安车检测        0               0               0.0000                  297355.650              0.000                   00
15:07:36.750    56135092        300577          开润股份        24300           24300           28.2424                 2129.590                688419.000              00
15:07:36.750    56135092        300607          拓斯达          35300           35300           43.6877                 -96642.090              1445535.000             00
15:07:36.750    56135092        300628          亿联网络        35300           35300           62.1033                 242392.990              2434641.000             00
15:07:36.750    56135092        300651          金陵体育        20100           20100           32.9696                 4028.100                666717.000              00
15:07:36.750    56135092        300653          正海生物        0               6400            76.9257                 -4644.530               487680.000              00
15:07:36.750    56135092        300673          佩蒂股份        75000           75000           36.6104                 152968.420              2898750.000             00
15:07:36.750    56135092        300695          兆丰股份        19100           19100           73.4825                 56105.360               1459622.000             00
15:07:36.750    56135092        300696          爱乐达          25150           25150           30.7340                 117853.340              890813.000              00
15:07:36.750    56135092        300715          凯伦股份        110000          110000          38.9004                 30754.680               4309800.000             00
15:07:36.750    56135092        300724          捷佳伟创        0               26200           85.3810                 -18888.930              2218092.000             00
15:07:36.750    56135092        300725          药石科技        50935           50935           102.7361                762186.900              5995049.500             00
15:07:36.750    56135092        300737          科顺股份        60400           60400           18.2721                 203420.340              1307056.000             00
15:07:36.750    56135092        300739          明阳电路        91350           91350           18.6047                 203278.720              1902820.500             00
15:07:36.750    56135092        300741          华宝股份        29078           41478           32.5511                 345049.380              1695205.860             00
15:07:36.750    56135092        300751          迈为股份        0               6500            288.1317                -12230.810              1860625.000             00
15:07:36.750    56135092        300767          震安科技        0               23800           63.9615                 -16933.400              1505350.000             00
15:07:36.750    56135092        300770          新媒股份        15800           15800           196.8814                151973.110              3262700.000             00
15:07:36.750    56135092        300771          智莱科技        36320           36320           41.2764                 -90304.720              1408852.800             00
15:07:36.750    56135092        511990          华宝添益        60017           60017           94.4270                 332671.690              5999899.490             10
15:07:36.750    56135092        600486          扬农化工        51100           51100           82.5545                 278.890                 4218816.000             10
15:07:36.750    56135092        600754          锦江酒店        31200           31200           30.1114                 10564.810               950040.000              10
15:07:36.750    56135092        600809          山西汾酒        39600           39600           132.6644                747474.690              6000984.000             10
15:07:36.750    56135092        600845          宝信软件        77000           96765           54.6890                 160729.550              5452707.750             10
15:07:36.750    56135092        600850          华东电脑        80692           90892           22.8086                 221906.900              2295023.000             10
15:07:36.750    56135092        600882          妙可蓝多        0               4400            35.0953                 1780.580                156200.000              10
15:07:36.750    56135092        600926          杭州银行        51              51              -1821.7349              93394.510               486.030                 10
15:07:36.750    56135092        600933          爱柯迪          69900           69900           13.1049                 38100.000               954135.000              10
15:07:36.750    56135092        601799          星宇股份        35500           35500           114.6146                344898.010              4413715.000             10
15:07:36.750    56135092        601818          光大银行        100             100             3.5908                  32.920                  392.000                 10
15:07:36.750    56135092        603018          中设集团        39080           39080           12.5123                 -77468.520              411512.400              10
15:07:36.750    56135092        603039          泛微网络        0               0               0.0000                  62778.030               0.000                   10
15:07:36.750    56135092        603096          新经典          25438           25438           61.1810                 -59295.830              1497026.300             10
15:07:36.750    56135092        603179          新泉股份        18710           18710           22.2296                 -4670.370               411245.800              10
15:07:36.750    56135092        603203          快克股份        20500           20500           27.4726                 23931.460               587120.000              10
15:07:36.750    56135092        603208          江山欧派        4900            4900            90.1439                 57408.700               499114.000              10
15:07:36.750    56135092        603239          浙江仙通        74800           74800           14.1191                 18016.190               1074128.000             10
15:07:36.750    56135092        603267          鸿远电子        0               0               0.0000                  308759.870              0.000                   10
15:07:36.750    56135092        603297          永新光学        19260           19260           36.7199                 149460.300              856684.800              10
15:07:36.750    56135092        603313          梦百合          50400           50400           24.6712                 -18205.330              1225224.000             10
15:07:36.750    56135092        603317          天味食品        36756           36756           45.3230                 348335.430              2014228.800             10
15:07:36.750    56135092        603345          安井食品        5700            5700            88.7173                 164061.670              669750.000              10
15:07:36.750    56135092        603355          莱克电气        5000            5000            22.7926                 12286.910               126250.000              10
15:07:36.750    56135092        603359          东珠生态        2500            2500            17.6405                 -476.370                43625.000               10
15:07:36.750    56135092        603360          百傲化学        87900           87900           19.9320                 -38852.960              1713171.000             10
15:07:36.750    56135092        603378          亚士创能        15500           15500           42.1135                 18390.290               671150.000              10
15:07:36.750    56135092        603416          信捷电气        0               0               0.0000                  3371.820                0.000                   10
15:07:36.750    56135092        603444          吉比特          4900            4900            421.0873                587572.280              2650900.000             10
15:07:36.750    56135092        603520          司太立          33700           73200           77.4978                 -125011.100             5547828.000             10
15:07:36.750    56135092        603538          美诺华          26900           26900           50.6872                 -12567.860              1350918.000             10
15:07:36.750    56135092        603566          普莱柯          65700           65700           28.3194                 -109023.780             1751562.000             10
15:07:36.750    56135092        603568          伟明环保        80980           80980           22.8184                 9037.240                1856871.400             10
15:07:36.750    56135092        603583          捷昌驱动        11300           11300           65.5627                 38502.370               779361.000              10
15:07:36.750    56135092        603612          索通发展        173500          173500          11.5592                 102512.330              2108025.000             10
15:07:36.750    56135092        603638          艾迪精密        0               0               0.0000                  344191.410              0.000                   10
15:07:36.750    56135092        603658          安图生物        1100            1100            164.3072                -14032.950              166705.000              10
15:07:36.750    56135092        603699          纽威股份        30200           30200           15.9434                 -705.800                480784.000              10
15:07:36.750    56135092        603700          宁水集团        17160           17160           27.5828                 62414.110               535735.200              10
15:07:36.750    56135092        603707          健友股份        65700           65700           59.9125                 171310.380              4107564.000             10
15:07:36.750    56135092        603713          密尔克卫        0               23700           99.0278                 -47585.910              2299374.000             10
15:07:36.750    56135092        603816          顾家家居        1700            1700            -42.6936                156797.080              84218.000               10
15:07:36.750    56135092        603826          坤彩科技        79100           79100           33.8643                 -32768.810              2645895.000             10
15:07:36.750    56135092        603866          桃李面包        30500           30500           51.1538                 -6825.130               1553365.000             10
15:07:36.750    56135092        603877          太平鸟          10700           10700           14.8640                 -6356.320               152689.000              10
15:07:36.750    56135092        603916          苏博特          61700           61700           25.7655                 -4038.550               1585690.000             10
15:07:36.750    56135092        603989          艾华集团        2300            2300            -12.6751                97462.690               68310.000               10
