时间            委托编号        委托标识        成交编号                证券代码        交易业务                成交数量        成交价格        委托状态        汇总成交        汇总撤单
09:17:48.000    201441702       509619          WTD:1046000002          601818          100 证券买入            -100            3.4000          已撤            0               0
09:30:21.000    217445664       509620          0102000000793565        300299          101 证券卖出            35              8.9400          已成            0               0
10:40:36.000    221455873       511066          0102000011270982        002602          101 证券卖出            3800            15.3600         已成            0               0
10:40:36.000    229456009       511067          0104000011333788        300502          101 证券卖出            900             62.9800         已成            0               0
10:40:36.000    233449278       511069          0104000011333989        000426          101 证券卖出            4400            7.1600          已成            0               0
10:40:37.000    209448751       511070          0102000011271428        000625          101 证券卖出            3000            10.9800         部分成交        0               0
10:40:37.000    209448751       511070          0102000011271430        000625          101 证券卖出            2400            10.9800         部分成交        0               0
10:40:37.000    209448751       511070          0102000011271432        000625          101 证券卖出            400             10.9800         部分成交        0               0
10:40:37.000    209448751       511070          0102000011271434        000625          101 证券卖出            500             10.9800         部分成交        0               0
10:40:37.000    209448751       511070          0102000011271436        000625          101 证券卖出            300             10.9700         部分成交        0               0
10:40:37.000    209448751       511070          0102000011271438        000625          101 证券卖出            100             10.9700         部分成交        0               0
10:40:37.000    209448751       511070          0102000011271440        000625          101 证券卖出            200             10.9700         部分成交        0               0
10:40:37.000    209448751       511070          0102000011271442        000625          101 证券卖出            100             10.9700         部分成交        0               0
10:40:37.000    209448751       511070          0102000011271444        000625          101 证券卖出            300             10.9700         部分成交        0               0
10:40:37.000    209448751       511070          0102000011271446        000625          101 证券卖出            200             10.9700         部分成交        0               0
10:40:37.000    209448751       511070          0102000011271448        000625          101 证券卖出            2000            10.9700         部分成交        0               0
10:40:37.000    209448751       511070          0102000011271450        000625          101 证券卖出            800             10.9700         部分成交        0               0
10:40:37.000    217450904       511072          0104000011334463        000851          101 证券卖出            8100            8.2900          部分成交        0               0
10:40:37.000    209448751       511070          0102000011271452        000625          101 证券卖出            500             10.9700         部分成交        0               0
10:40:37.000    217450904       511072          0104000011334465        000851          101 证券卖出            4800            8.2900          部分成交        0               0
10:40:37.000    209448751       511070          0102000011271454        000625          101 证券卖出            900             10.9700         已成            0               0
10:40:37.000    217450904       511072          0104000011334467        000851          101 证券卖出            5700            8.2900          已成            0               0
10:40:37.000    205454197       511073          0102000011271818        300418          101 证券卖出            2300            25.0200         已成            0               0
10:40:37.000    221455874       511074          0102000011271954        300274          101 证券卖出            1000            14.5100         部分成交        0               0
10:40:37.000    221455874       511074          0102000011271956        300274          101 证券卖出            100             14.5100         部分成交        0               0
10:40:37.000    221455874       511074          0102000011271958        300274          101 证券卖出            100             14.5100         部分成交        0               0
10:40:37.000    221455874       511074          0102000011271960        300274          101 证券卖出            100             14.5100         部分成交        0               0
10:40:37.000    221455874       511074          0102000011271962        300274          101 证券卖出            100             14.5100         部分成交        0               0
10:40:37.000    201446896       511068          6815485                 600503          101 证券卖出            34600           4.3600          部分成交        0               0
10:40:37.000    217450903       511071          6815564                 603520          101 证券卖出            400             84.2400         已成            0               0
10:40:37.000    237455691       511077          0103000011141706        002125          101 证券卖出            7300            9.0700          已成            0               0
10:40:37.000    205454198       511078          0101000010692012        002382          101 证券卖出            700             30.1000         已成            0               0
10:40:37.000    213454774       511079          0103000011141821        002881          101 证券卖出            200             27.2700         已成            0               0
10:40:37.000    221455876       511080          0103000011141965        002930          101 证券卖出            100             13.9600         部分成交        0               0
10:40:37.000    221455876       511080          0103000011141967        002930          101 证券卖出            100             13.9600         部分成交        0               0
10:40:37.000    221455876       511080          0103000011141969        002930          101 证券卖出            100             13.9600         部分成交        0               0
10:40:37.000    221455876       511080          0103000011141971        002930          101 证券卖出            100             13.9500         部分成交        0               0
10:40:37.000    221455876       511080          0103000011141973        002930          101 证券卖出            300             13.9500         已成            0               0
10:40:37.000    229456013       511081          0101000010692188        300413          101 证券卖出            100             66.2700         部分成交        0               0
10:40:37.000    229456013       511081          0101000010692190        300413          101 证券卖出            500             66.2700         已成            0               0
10:40:37.000    213454773       511075          6815877                 603129          101 证券卖出            100             68.5400         已成            0               0
10:40:37.000    237455692       511082          0103000011142082        300525          101 证券卖出            100             37.1000         已成            0               0
10:40:37.000    229456012       511076          6815866                 603789          101 证券卖出            600             13.3500         部分成交        0               0
10:40:37.000    229456012       511076          6815867                 603789          101 证券卖出            100             13.3500         部分成交        0               0
10:40:37.000    229456012       511076          6815868                 603789          101 证券卖出            400             13.3500         已成            0               0
10:40:37.000    229456014       511084          0102000011272709        300623          101 证券卖出            100             29.8800         已成            0               0
10:40:37.000    237455693       511085          0102000011272803        000810          101 证券卖出            900             11.9000         部分成交        0               0
10:40:37.000    237455693       511085          0102000011272805        000810          101 证券卖出            500             11.9000         已成            0               0
10:40:37.000    237455694       511088          0103000011142484        002050          101 证券卖出            3800            21.7700         已成            0               0
10:40:37.000    221455879       511089          0104000011335976        300054          101 证券卖出            3100            16.2900         已成            0               0
10:40:38.000    201446898       511090          0103000011142675        300298          101 证券卖出            300             32.6200         已成            0               0
10:40:37.000    205454200       511086          6816393                 600223          101 证券卖出            700             9.3800          部分成交        0               0
10:40:37.000    205454200       511086          6816394                 600223          101 证券卖出            100             9.3800          部分成交        0               0
10:40:37.000    205454200       511086          6816395                 600223          101 证券卖出            300             9.3800          部分成交        0               0
10:40:37.000    205454200       511086          6816396                 600223          101 证券卖出            100             9.3800          部分成交        0               0
10:40:37.000    205454200       511086          6816397                 600223          101 证券卖出            300             9.3800          部分成交        0               0
10:40:38.000    233449281       511091          0101000010692893        300568          101 证券卖出            100             18.8300         已成            0               0
10:40:37.000    205454200       511086          6816398                 600223          101 证券卖出            200             9.3800          部分成交        0               0
10:40:37.000    205454200       511086          6816399                 600223          101 证券卖出            1200            9.3800          已成            0               0
10:40:38.000    201446899       511092          0103000011142870        300696          101 证券卖出            100             35.6300         已成            0               0
10:40:38.000    213454779       511094          0101000010693136        002174          101 证券卖出            300             25.8500         部分成交        0               0
10:40:38.000    213454779       511094          0101000010693138        002174          101 证券卖出            1700            25.8500         已成            0               0
10:40:38.000    217450907       511098          0103000011143209        002317          101 证券卖出            1700            17.1000         已成            0               0
10:40:38.000    225448194       511093          6816820                 600198          101 证券卖出            800             15.9800         部分成交        0               0
10:40:38.000    225448194       511093          6816821                 600198          101 证券卖出            300             15.9800         部分成交        0               0
10:40:38.000    225448194       511093          6816822                 600198          101 证券卖出            100             15.9800         部分成交        0               0
10:40:38.000    225448194       511093          6816823                 600198          101 证券卖出            200             15.9800         部分成交        0               0
10:40:38.000    225448194       511093          6816824                 600198          101 证券卖出            200             15.9800         部分成交        0               0
10:40:38.000    225448194       511093          6816825                 600198          101 证券卖出            4100            15.9700         已成            0               0
10:40:38.000    201446896       511068          6816931                 600503          101 证券卖出            200             4.3600          部分成交        0               0
10:40:38.000    221455882       511100          0103000011143433        300113          101 证券卖出            200             23.8700         部分成交        0               0
10:40:38.000    221455882       511100          0103000011143435        300113          101 证券卖出            700             23.8600         已成            0               0
10:40:38.000    229456019       511099          0104000011336814        002079          101 证券卖出            200             13.3100         部分成交        0               0
10:40:38.000    229456019       511099          0104000011336816        002079          101 证券卖出            400             13.3100         部分成交        0               0
10:40:38.000    229456019       511099          0104000011336818        002079          101 证券卖出            1100            13.3100         已成            0               0
10:40:38.000    201446900       511101          0104000011336884        300251          101 证券卖出            1800            10.9800         已成            0               0
10:40:38.000    217450906       511095          6816974                 600988          101 证券卖出            1900            11.7700         已成            0               0
10:40:38.000    213454783       511102          0101000010693577        300308          101 证券卖出            100             62.9000         已成            0               0
10:40:38.000    217450908       511103          0103000011143717        300364          101 证券卖出            9900            6.7400          已成            0               0
10:40:38.000    237455698       511097          6817050                 603538          101 证券卖出            200             50.9100         已成            0               0
10:40:38.000    237455697       511096          6817023                 603444          101 证券卖出            100             542.0100        已成            0               0
10:40:38.000    221455883       511105          0101000010693664        300373          101 证券卖出            700             33.1100         已成            0               0
10:40:38.000    213454775       511083          6817061                 600079          101 证券卖出            100             26.8300         部分成交        0               0
10:40:38.000    237455701       511107          0103000011144108        002928          101 证券卖出            100             15.0900         部分成交        0               0
10:40:38.000    237455701       511107          0103000011144110        002928          101 证券卖出            100             15.0900         部分成交        0               0
10:40:38.000    237455701       511107          0103000011144112        002928          101 证券卖出            200             15.0900         已成            0               0
10:40:38.000    205454205       511106          0101000010693974        000030          101 证券卖出            600             6.1500          已成            0               0
10:40:38.000    229456022       511108          0104000011337207        000501          100 证券买入            1100            14.7500         已成            0               0
10:40:39.000    221455885       511110          0101000010694213        300223          100 证券买入            300             103.0000        已成            0               0
10:40:38.000    213454784       511104          6817320                 603661          101 证券卖出            100             50.2800         已成            0               0
10:40:39.000    237455704       511114          0101000010694485        300496          100 证券买入            100             78.1400         部分成交        0               0
10:40:39.000    237455704       511114          0101000010694487        300496          100 证券买入            100             78.1500         部分成交        0               0
10:40:39.000    237455704       511114          0101000010694489        300496          100 证券买入            200             78.1500         已成            0               0
10:40:39.000    209448756       511115          0101000010694549        300573          100 证券买入            100             147.5100        已成            0               0
10:40:39.000    213454775       511083          6817539                 600079          101 证券卖出            1000            26.8300         已成            0               0
10:40:39.000    205454207       511112          6817683                 600723          100 证券买入            300             8.1600          部分成交        0               0
10:40:39.000    205454207       511112          6817684                 600723          100 证券买入            100             8.1600          部分成交        0               0
10:40:39.000    213454786       511109          6817564                 600867          100 证券买入            2800            17.2000         已成            0               0
10:40:39.000    205454209       511118          0102000011275219        002214          100 证券买入            1500            27.8500         部分成交        0               0
10:40:39.000    205454207       511112          6817685                 600723          100 证券买入            2400            8.1700          已成            0               0
10:40:39.000    205454209       511118          0102000011275221        002214          100 证券买入            100             27.8500         部分成交        0               0
10:40:39.000    209448757       511119          0101000010694861        300567          100 证券买入            100             67.9500         已成            0               0
10:40:39.000    205454209       511118          0102000011275223        002214          100 证券买入            7300            27.8600         已成            0               0
10:40:39.000    229456024       511113          0102000011274935        002184          100 证券买入            1500            13.0000         部分成交        0               0
10:40:39.000    229456024       511113          0102000011274937        002184          100 证券买入            800             13.0100         已成            0               0
10:40:39.000    229456023       511111          6817557                 600211          100 证券买入            1400            59.3200         已成            0               0
10:40:39.000    221455878       511087          6817764                 601689          101 证券卖出            200             28.4900         已成            0               0
10:40:39.000    217450909       511124          0104000011338365        300579          100 证券买入            200             40.5500         已成            0               0
10:40:39.000    221455887       511116          6817890                 600604          100 证券买入            3600            9.4300          部分成交        0               0
10:40:39.000    221455887       511116          6817891                 600604          100 证券买入            1600            9.4300          部分成交        0               0
10:40:39.000    229456025       511117          6817893                 600571          100 证券买入            4200            8.7600          部分成交        0               0
10:40:39.000    221455887       511116          6817892                 600604          100 证券买入            7100            9.4300          已成            0               0
10:40:39.000    229456025       511117          6817894                 600571          100 证券买入            1600            8.7600          已成            0               0
10:40:39.000    225448197       511125          0104000011338474        300740          100 证券买入            500             13.4200         部分成交        0               0
10:40:39.000    225448197       511125          0104000011338476        300740          100 证券买入            200             13.4300         已成            0               0
10:40:39.000    205454210       511121          6818075                 600882          100 证券买入            300             36.4700         已成            0               0
10:40:39.000    217450910       511126          0102000011275879        300769          100 证券买入            100             97.1800         已成            0               0
10:40:39.000    201446896       511068          6817861                 600503          101 证券卖出            30500           4.3600          已成            0               0
10:40:39.000    233449286       511128          0103000011145578        300674          100 证券买入            100             42.3100         部分成交        0               0
10:40:39.000    233449286       511128          0103000011145580        300674          100 证券买入            400             42.3100         已成            0               0
10:40:39.000    209448758       511120          6818133                 600812          100 证券买入            5900            13.0600         已成            0               0
10:40:39.000    205454211       511123          0104000011338820        300511          100 证券买入            1400            12.5100         已成            0               0
10:40:40.000    213454788       511129          0104000011338948        300679          100 证券买入            1900            32.5900         部分成交        0               0
10:40:40.000    213454788       511129          0104000011338950        300679          100 证券买入            100             32.6000         已成            0               0
10:40:40.000    237455708       511130          0102000011276299        300709          100 证券买入            500             91.0000         部分成交        0               0
10:40:40.000    237455708       511130          0102000011276301        300709          100 证券买入            100             91.0000         部分成交        0               0
10:40:40.000    237455708       511130          0102000011276303        300709          100 证券买入            100             91.0000         部分成交        0               0
10:40:40.000    237455708       511130          0102000011276305        300709          100 证券买入            100             91.0000         部分成交        0               0
10:40:40.000    237455708       511130          0102000011276307        300709          100 证券买入            30              91.0000         部分成交        0               0
10:40:40.000    237455708       511130          0102000011276309        300709          100 证券买入            100             91.0000         部分成交        0               0
10:40:40.000    237455708       511130          0102000011276311        300709          100 证券买入            100             91.0000         部分成交        0               0
10:40:40.000    237455708       511130          0102000011276313        300709          100 证券买入            70              91.0000         已成            0               0
10:40:40.000    221455874       511074          0102000011276591        300274          101 证券卖出            500             14.5100         已成            0               0
10:40:40.000    209448760       511127          6818921                 603566          100 证券买入            100             27.8500         已成            0               0
10:40:41.000    205454213       511131          WTD:1046000266          603818          100 证券买入            -800            8.5600          已撤            0               0
10:40:42.000    229456026       511122          WTD:1046000264          603345          100 证券买入            -500            117.4100        已撤            0               0
10:40:45.000    225448204       511132          0104000011346141        000851          101 证券卖出            100             8.2900          部分成交        0               0
10:40:45.000    225448204       511132          0104000011346143        000851          101 证券卖出            3700            8.2900          部分成交        0               0
10:40:45.000    225448204       511132          0104000011346152        000851          101 证券卖出            900             8.2900          部分成交        0               0
10:40:45.000    225448204       511132          0104000011346160        000851          101 证券卖出            1100            8.2900          部分成交        0               0
10:40:45.000    233449292       511133          0102000011283898        300418          101 证券卖出            2000            25.0300         部分成交        0               0
10:40:45.000    233449292       511133          0102000011283900        300418          101 证券卖出            200             25.0300         已成            0               0
10:40:45.000    217450919       511136          0103000011153728        002125          101 证券卖出            2600            9.0700          已成            0               0
10:40:45.000    225448205       511137          0102000011284233        300274          101 证券卖出            1800            14.5100         部分成交        0               0
10:40:45.000    225448205       511137          0102000011284235        300274          101 证券卖出            100             14.5100         已成            0               0
10:40:45.000    233449293       511138          0103000011153862        002881          101 证券卖出            200             27.2500         已成            0               0
10:40:45.000    209448769       511139          0103000011153924        002930          101 证券卖出            100             13.9600         部分成交        0               0
10:40:45.000    209448769       511139          0103000011153926        002930          101 证券卖出            200             13.9600         已成            0               0
10:40:45.000    209448768       511135          6823495                 603789          101 证券卖出            200             13.3500         已成            0               0
10:40:45.000    217450920       511140          0101000010704096        300413          101 证券卖出            100             66.2000         部分成交        0               0
10:40:45.000    225448206       511141          0103000011154112        300525          101 证券卖出            400             37.0800         已成            0               0
10:40:45.000    233449294       511142          0102000011284511        000810          101 证券卖出            2900            11.9000         已成            0               0
10:40:45.000    209448770       511143          0101000010704299        002382          101 证券卖出            1100            30.0900         已成            0               0
10:40:45.000    209448771       511145          0103000011154310        002050          101 证券卖出            3200            21.7700         已成            0               0
10:40:45.000    217450922       511146          0104000011347295        300054          101 证券卖出            4300            16.3000         已成            0               0
10:40:45.000    233449295       511147          0101000010704809        300568          101 证券卖出            100             18.8300         已成            0               0
10:40:45.000    201446912       511148          0103000011154609        300696          101 证券卖出            100             35.6100         已成            0               0
10:40:45.000    221455896       511149          0101000010704898        002174          101 证券卖出            2000            25.8500         已成            0               0
10:40:46.000    237455717       511150          0103000011154765        002317          101 证券卖出            300             17.0200         部分成交        0               0
10:40:46.000    237455717       511150          0103000011154767        002317          101 证券卖出            200             17.0100         部分成交        0               0
10:40:46.000    237455717       511150          0103000011154769        002317          101 证券卖出            3600            17.0100         部分成交        0               0
10:40:46.000    237455717       511150          0103000011154771        002317          101 证券卖出            4500            17.0000         已成            0               0
10:40:45.000    225448204       511132          0104000011347188        000851          101 证券卖出            1400            8.2900          部分成交        0               0
10:40:45.000    225448204       511132          0104000011347193        000851          101 证券卖出            800             8.2900          部分成交        0               0
10:40:46.000    213454798       511151          0103000011154862        300298          101 证券卖出            200             32.6400         部分成交        0               0
10:40:46.000    213454798       511151          0103000011154864        300298          101 证券卖出            100             32.6300         已成            0               0
10:40:45.000    225448207       511144          6824144                 600223          101 证券卖出            1100            9.3800          部分成交        0               0
10:40:45.000    225448207       511144          6824145                 600223          101 证券卖出            2000            9.3800          部分成交        0               0
10:40:45.000    225448207       511144          6824146                 600223          101 证券卖出            100             9.3800          已成            0               0
10:40:46.000    225448204       511132          0104000011348030        000851          101 证券卖出            900             8.2900          部分成交        0               0
10:40:46.000    225448204       511132          0104000011348072        000851          101 证券卖出            500             8.2900          部分成交        0               0
10:40:46.000    217450924       511154          0104000011348213        002079          101 证券卖出            2800            13.3100         已成            0               0
10:40:46.000    221455898       511155          0103000011155377        300113          101 证券卖出            400             23.9000         部分成交        0               0
10:40:46.000    221455898       511155          0103000011155379        300113          101 证券卖出            600             23.9000         已成            0               0
10:40:46.000    237455719       511157          0101000010705694        300308          101 证券卖出            100             62.9100         已成            0               0
10:40:46.000    229456037       511152          6824481                 603444          101 证券卖出            100             542.0000        已成            0               0
10:40:46.000    225448204       511132          0104000011348457        000851          101 证券卖出            -2100           8.2900          部撤            0               0
10:40:46.000    217450920       511140          0101000010705768        300413          101 证券卖出            100             66.1800         已成            0               0
10:40:46.000    229456039       511158          0103000011155770        300364          101 证券卖出            6500            6.7400          部分成交        0               0
10:40:46.000    229456039       511158          0103000011155772        300364          101 证券卖出            3400            6.7400          已成            0               0
10:40:46.000    237455718       511153          6824590                 603538          101 证券卖出            100             50.9300         已成            0               0
10:40:46.000    217450927       511161          0101000010706011        000030          101 证券卖出            400             6.1500          已成            0               0
10:40:46.000    237455720       511162          0103000011155891        002928          101 证券卖出            100             15.1000         部分成交        0               0
10:40:46.000    229456038       511156          6824682                 600988          101 证券卖出            700             11.7700         部分成交        0               0
10:40:46.000    229456038       511156          6824683                 600988          101 证券卖出            500             11.7700         部分成交        0               0
10:40:46.000    229456038       511156          6824684                 600988          101 证券卖出            300             11.7600         部分成交        0               0
10:40:46.000    229456038       511156          6824685                 600988          101 证券卖出            200             11.7600         部分成交        0               0
10:40:46.000    229456038       511156          6824686                 600988          101 证券卖出            1500            11.7600         部分成交        0               0
10:40:46.000    229456038       511156          6824687                 600988          101 证券卖出            1500            11.7600         部分成交        0               0
10:40:46.000    229456038       511156          6824688                 600988          101 证券卖出            500             11.7600         部分成交        0               0
10:40:46.000    229456038       511156          6824689                 600988          101 证券卖出            100             11.7600         部分成交        0               0
10:40:46.000    229456038       511156          6824690                 600988          101 证券卖出            900             11.7600         部分成交        0               0
10:40:46.000    229456038       511156          6824691                 600988          101 证券卖出            300             11.7600         已成            0               0
10:40:46.000    237455720       511162          0103000011155893        002928          101 证券卖出            300             15.0900         已成            0               0
10:40:46.000    201446914       511160          6824752                 603661          101 证券卖出            100             50.2800         已成            0               0
10:42:49.000    225448209       511159          0101000010882598        300373          101 证券卖出            100             33.0900         部分成交        0               0
10:42:51.000    225448209       511159          0101000010885682        300373          101 证券卖出            1000            33.0900         已成            0               0
10:49:23.000    201446909       511134          7316631                 603129          101 证券卖出            100             68.7400         已成            0               0
11:03:08.000    213456023       511233          8015913                 600211          100 证券买入            600             62.2800         部分成交        0               0
11:03:08.000    213456023       511233          8016257                 600211          100 证券买入            600             62.3000         部分成交        0               0
11:03:08.000    213456023       511233          8016405                 600211          100 证券买入            100             62.3000         部分成交        0               0
11:03:08.000    213456023       511233          8016407                 600211          100 证券买入            1700            62.3000         部分成交        0               0
11:03:16.000    213456023       511233          WTD:1046000283          600211          100 证券买入            -1000           62.3000         部撤            0               0
11:03:35.000    205455506       511234          8040576                 600211          101 证券卖出            3000            62.5700         已成            0               0
