时间            资产账户        证券代码        证券名称        可用数量        库存数量        参考成本                参考盈亏                市值                交易板块
15:22:25.231    99167896        000006          深振业Ａ        0               13100           6.0128                  19351.440               98119.000               00
15:22:25.231    99167896        000009          中国宝安        0               8600            8.4603                  685.180                 73444.000               00
15:22:25.231    99167896        000011          深物业A         0               11600           14.7569                 32284.160               203464.000              00
15:22:25.231    99167896        000030          富奥股份        6300            6300            6.0185                  954.640                 38871.000               00
15:22:25.231    99167896        000032          深桑达Ａ        2500            5000            21.6553                 -326.580                107950.000              00
15:22:25.231    99167896        000156          华数传媒        0               0               0.0000                  -62.200                 0.000                   00
15:22:25.231    99167896        000158          常山北明        0               1900            10.5272                 271.390                 20273.000               00
15:22:25.231    99167896        000403          双林生物        5100            5100            69.4076                 9957.460                363936.000              00
15:22:25.231    99167896        000423          东阿阿胶        700             700             35.0654                 -45.750                 24500.000               00
15:22:25.231    99167896        000501          鄂武商Ａ        0               3000            17.2538                 -11.390                 51750.000               00
15:22:25.231    99167896        000513          丽珠集团        900             900             48.0096                 -935.640                42273.000               00
15:22:25.231    99167896        000526          紫光学大        2000            4000            56.6298                 -10399.340              216120.000              00
15:22:25.231    99167896        000534          万泽股份        200             200             9.9170                  -21.400                 1962.000                00
15:22:25.231    99167896        000537          广宇发展        800             800             7.4652                  75.810                  6048.000                00
15:22:25.231    99167896        000555          神州信息        0               0               0.0000                  -18.150                 0.000                   00
15:22:25.231    99167896        000567          海德股份        0               7100            12.4425                 6301.180                94643.000               00
15:22:25.231    99167896        000568          泸州老窖        0               1200            78.2943                 26322.820               120276.000              00
15:22:25.231    99167896        000582          北部湾港        500             500             10.6381                 15.940                  5335.000                00
15:22:25.231    99167896        000596          古井贡酒        0               0               0.0000                  15520.740               0.000                   00
15:22:25.231    99167896        000625          长安汽车        0               0               0.0000                  292.500                 0.000                   00
15:22:25.231    99167896        000656          金科股份        0               100             8.0138                  96.620                  898.000                 00
15:22:25.231    99167896        000681          视觉中国        0               0               0.0000                  -2572.160               0.000                   00
15:22:25.231    99167896        000688          国城矿业        300             300             18.8604                 -147.130                5511.000                00
15:22:25.231    99167896        000708          中信特钢        19300           19300           17.4985                 -7498.080               330223.000              00
15:22:25.231    99167896        000710          贝瑞基因        600             600             64.0128                 -3787.680               34620.000               00
15:22:25.231    99167896        000736          中交地产        20              1520            6.3953                  1481.520                11202.400               00
15:22:25.231    99167896        000739          普洛药业        0               0               0.0000                  2069.220                0.000                   00
15:22:25.231    99167896        000799          酒鬼酒          20              5320            64.8540                 102707.760              447731.200              00
15:22:25.231    99167896        000800          一汽解放        0               0               0.0000                  -780.160                0.000                   00
15:22:25.231    99167896        000801          四川九洲        0               800             5.7296                  56.310                  4640.000                00
15:22:25.231    99167896        000802          北京文化        0               0               0.0000                  638.650                 0.000                   00
15:22:25.231    99167896        000851          高鸿股份        0               44400           7.8544                  19786.670               368520.000              00
15:22:25.231    99167896        000869          张裕Ａ          0               100             30.6755                 418.450                 3486.000                00
15:22:25.231    99167896        000877          天山股份        21400           21400           15.4468                 17402.900               347964.000              00
15:22:25.231    99167896        000878          云南铜业        1100            2200            10.7601                 1407.760                25080.000               00
15:22:25.231    99167896        000892          欢瑞世纪        500             500             4.2108                  14.580                  2120.000                00
15:22:25.231    99167896        000895          双汇发展        0               800             46.2609                 1031.260                38040.000               00
15:22:25.231    99167896        000910          大亚圣象        700             1800            16.7098                 -1565.580               28512.000               00
15:22:25.231    99167896        000915          山大华特        5200            5200            34.2802                 -13469.110              164788.000              00
15:22:25.231    99167896        000921          海信家电        400             400             12.1024                 35.030                  4876.000                00
15:22:25.231    99167896        000931          中关村          0               4800            11.3869                 -6561.230               48096.000               00
15:22:25.231    99167896        000938          紫光股份        0               0               0.0000                  547.480                 0.000                   00
15:22:25.231    99167896        000951          中国重汽        0               0               0.0000                  1759.090                0.000                   00
15:22:25.231    99167896        000976          华铁股份        0               1900            5.5016                  224.950                 10678.000               00
15:22:25.231    99167896        000989          九芝堂          1600            3200            9.8721                  985.360                 32576.000               00
15:22:25.231    99167896        000990          诚志股份        0               900             12.7919                 700.290                 12213.000               00
15:22:25.231    99167896        000997          新大陆          100             100             15.9632                 -5.320                  1591.000                00
15:22:25.231    99167896        001696          宗申动力        2300            2300            6.4022                  18.050                  14743.000               00
15:22:25.231    99167896        002008          大族激光        0               0               0.0000                  124.830                 0.000                   00
15:22:25.231    99167896        002014          永新股份        600             600             9.5419                  -79.140                 5646.000                00
15:22:25.231    99167896        002028          思源电气        0               1300            19.9670                 692.950                 26650.000               00
15:22:25.231    99167896        002030          达安基因        0               14500           26.0902                 2607.800                380915.000              00
15:22:25.231    99167896        002034          旺能环境        6700            6700            18.4688                 -5955.230               117786.000              00
15:22:25.231    99167896        002044          美年健康        12100           24200           14.2183                 7059.070                351142.000              00
15:22:25.231    99167896        002047          宝鹰股份        0               600             5.1184                  54.970                  3126.000                00
15:22:25.231    99167896        002050          三花智控        0               4700            20.2530                 7928.730                103118.000              00
15:22:25.231    99167896        002055          得润电子        0               0               0.0000                  214.980                 0.000                   00
15:22:25.231    99167896        002079          苏州固锝        49900           99800           12.9732                 -12298.960              1282430.000             00
15:22:25.231    99167896        002107          沃华医药        0               0               0.0000                  0.150                   0.000                   00
15:22:25.231    99167896        002124          天邦股份        4500            4500            12.7990                 364.470                 57960.000               00
15:22:25.231    99167896        002126          银轮股份        0               2600            11.7894                 3667.570                34320.000               00
15:22:25.231    99167896        002127          南极电商        2700            2700            21.2109                 24.540                  57294.000               00
15:22:25.231    99167896        002129          中环股份        17700           17700           22.5378                 1631.230                400551.000              00
15:22:25.231    99167896        002145          中核钛白        100             100             4.5109                  10.910                  462.000                 00
15:22:25.231    99167896        002153          石基信息        1100            1100            35.0022                 2824.530                41327.000               00
15:22:25.231    99167896        002174          游族网络        12200           12200           25.9851                 -5551.880               311466.000              00
15:22:25.231    99167896        002179          中航光电        0               900             39.9921                 574.080                 36567.000               00
15:22:25.231    99167896        002180          纳思达          2000            2000            33.1021                 -1904.240               64300.000               00
15:22:25.231    99167896        002182          云海金属        0               1300            9.6821                  569.290                 13156.000               00
15:22:25.231    99167896        002189          中光学          0               0               0.0000                  72.440                  0.000                   00
15:22:25.231    99167896        002197          证通电子        4400            8800            10.3585                 -1923.120               89232.000               00
15:22:25.231    99167896        002208          合肥城建        0               2100            13.3295                 -4849.950               23142.000               00
15:22:25.231    99167896        002214          大立科技        2800            6300            28.3155                 469.320                 178857.000              00
15:22:25.231    99167896        002216          三全食品        0               400             22.9395                 744.200                 9920.000                00
15:22:25.231    99167896        002223          鱼跃医疗        0               0               0.0000                  -2391.240               0.000                   00
15:22:25.231    99167896        002226          江南化工        36500           36500           5.3897                  11325.680               208050.000              00
15:22:25.231    99167896        002236          大华股份        0               4100            19.9593                 494.990                 82328.000               00
15:22:25.231    99167896        002240          威华股份        56900           56900           12.4461                 40052.710               748235.000              00
15:22:25.231    99167896        002242          九阳股份        800             800             37.1374                 114.070                 29824.000               00
15:22:25.231    99167896        002250          联化科技        0               700             23.0865                 128.440                 16289.000               00
15:22:25.231    99167896        002251          步步高          0               0               0.0000                  90.140                  0.000                   00
15:22:25.231    99167896        002254          泰和新材        700             700             13.7026                 -71.790                 9520.000                00
15:22:25.231    99167896        002258          利尔化学        0               0               0.0000                  3943.720                0.000                   00
15:22:25.231    99167896        002262          恩华药业        0               0               0.0000                  -652.960                0.000                   00
15:22:25.231    99167896        002268          卫士通          0               100             21.6045                 -41.450                 2119.000                00
15:22:25.231    99167896        002271          东方雨虹        0               1900            42.4482                 231.480                 80883.000               00
15:22:25.231    99167896        002281          光迅科技        12000           12000           32.8046                 -7255.190               386400.000              00
15:22:25.231    99167896        002291          星期六          0               1400            27.0626                 -5505.640               32382.000               00
15:22:25.231    99167896        002294          信立泰          1700            3400            27.7182                 1978.130                96220.000               00
15:22:25.231    99167896        002311          海大集团        0               0               0.0000                  192.490                 0.000                   00
15:22:25.231    99167896        002317          众生药业        0               8800            17.8861                 826.390                 158224.000              00
15:22:25.231    99167896        002322          理工环科        0               100             12.6128                 -0.280                  1261.000                00
15:22:25.231    99167896        002324          普利特          9600            9600            13.4514                 19474.410               148608.000              00
15:22:25.231    99167896        002332          仙琚制药        0               3900            16.1265                 -259.420                62634.000               00
15:22:25.231    99167896        002338          奥普光电        0               1800            23.2062                 10284.770               52056.000               00
15:22:25.231    99167896        002351          漫步者          0               19000           21.7042                 870.040                 413250.000              00
15:22:25.231    99167896        002352          顺丰控股        2300            2300            54.2840                 2060.710                126914.000              00
15:22:25.231    99167896        002353          杰瑞股份        1600            1600            24.4712                 10670.130               49824.000               00
15:22:25.231    99167896        002375          亚厦股份        600             600             10.3321                 16.760                  6216.000                00
15:22:25.231    99167896        002376          新北洋          200             200             10.3421                 -20.410                 2048.000                00
15:22:25.231    99167896        002381          双箭股份        9900            9900            9.2392                  2482.860                93951.000               00
15:22:25.231    99167896        002382          蓝帆医疗        24800           24800           27.8796                 33986.400               725400.000              00
15:22:25.231    99167896        002384          东山精密        6000            6000            25.8079                 23592.900               178440.000              00
15:22:25.231    99167896        002393          力生制药        100             100             26.1752                 19.480                  2637.000                00
15:22:25.231    99167896        002399          海普瑞          3600            3600            24.3324                 315.350                 87912.000               00
15:22:25.231    99167896        002410          广联达          1900            1900            70.4491                 4276.770                138130.000              00
15:22:25.231    99167896        002414          高德红外        3800            3800            27.0434                 8841.050                111606.000              00
15:22:25.231    99167896        002422          科伦药业        1000            2000            21.3340                 1592.040                44260.000               00
15:22:25.231    99167896        002430          杭氧股份        900             900             13.8928                 528.500                 13032.000               00
15:22:25.231    99167896        002438          江苏神通        11200           11200           8.3256                  2065.330                95312.000               00
15:22:25.231    99167896        002456          欧菲光          0               10600           18.2360                 7143.930                200446.000              00
15:22:25.231    99167896        002459          晶澳科技        4300            8700            18.4041                 -1515.040               158601.000              00
15:22:25.231    99167896        002467          二六三          0               5700            7.1025                  1182.540                41667.000               00
15:22:25.231    99167896        002481          双塔食品        23600           47200           17.6410                 -6184.080               826472.000              00
15:22:25.231    99167896        002484          江海股份        500             500             9.5094                  -144.680                4610.000                00
15:22:25.231    99167896        002497          雅化集团        1700            1700            9.3913                  -614.190                15351.000               00
15:22:25.231    99167896        002507          涪陵榨菜        0               200             34.3491                 810.180                 7680.000                00
15:22:25.231    99167896        002508          老板电器        0               0               0.0000                  127.880                 0.000                   00
15:22:25.231    99167896        002530          金财互联        4700            4700            12.8033                 -3258.570               56917.000               00
15:22:25.231    99167896        002534          杭锅股份        100             100             8.0316                  -8.160                  795.000                 00
15:22:25.231    99167896        002537          海联金汇        0               800             5.9668                  -245.400                4528.000                00
15:22:25.231    99167896        002539          云图控股        1700            1700            6.7584                  580.690                 12070.000               00
15:22:25.231    99167896        002541          鸿路钢构        0               200             -178.6024               41618.480               5898.000                00
15:22:25.231    99167896        002544          杰赛科技        0               0               0.0000                  -72.850                 0.000                   00
15:22:25.231    99167896        002557          洽洽食品        200             200             50.9260                 624.810                 10810.000               00
15:22:25.231    99167896        002568          百润股份        1000            1000            43.3591                 1800.870                45160.000               00
15:22:25.231    99167896        002570          贝因美          1400            1400            6.0303                  671.520                 9114.000                00
15:22:25.231    99167896        002594          比亚迪          0               1500            72.1045                 548.210                 108705.000              00
15:22:25.231    99167896        002601          龙蟒佰利        0               0               0.0000                  417.060                 0.000                   00
15:22:25.231    99167896        002602          世纪华通        15100           15100           14.9152                 6113.090                231332.000              00
15:22:25.231    99167896        002607          中公教育        1000            1000            27.9630                 -212.950                27750.000               00
15:22:25.231    99167896        002609          捷顺科技        0               1400            13.1179                 -1130.990               17234.000               00
15:22:25.231    99167896        002612          朗姿股份        0               4900            9.8176                  3294.660                51401.000               00
15:22:25.231    99167896        002616          长青集团        1800            1800            11.7670                 -1056.610               20124.000               00
15:22:25.231    99167896        002623          亚玛顿          0               0               0.0000                  4208.670                0.000                   00
15:22:25.231    99167896        002624          完美世界        0               1900            55.5564                 2134.800                107692.000              00
15:22:25.231    99167896        002626          金达威          0               300             25.4523                 44.320                  7680.000                00
15:22:25.231    99167896        002646          青青稞酒        0               300             10.2701                 419.970                 3501.000                00
15:22:25.231    99167896        002647          仁东控股        0               0               0.0000                  -172.070                0.000                   00
15:22:25.231    99167896        002648          卫星石化        0               0               0.0000                  1012.310                0.000                   00
15:22:25.231    99167896        002653          海思科          1100            1100            26.3598                 -219.800                28776.000               00
15:22:25.231    99167896        002655          共达电声        0               5400            12.0042                 4567.160                69390.000               00
15:22:25.231    99167896        002657          中科金财        0               700             15.0133                 158.690                 10668.000               00
15:22:25.231    99167896        002661          克明面业        0               0               0.0000                  -2336.530               0.000                   00
15:22:25.231    99167896        002664          长鹰信质        600             600             13.5560                 -117.580                8016.000                00
15:22:25.231    99167896        002666          德联集团        0               21800           7.5142                  -7940.450               155870.000              00
15:22:25.231    99167896        002675          东诚药业        0               800             18.3485                 1665.210                16344.000               00
15:22:25.231    99167896        002677          浙江美大        400             400             11.0973                 193.100                 4632.000                00
15:22:25.231    99167896        002690          美亚光电        300             300             52.5172                 -425.160                15330.000               00
15:22:25.231    99167896        002695          煌上煌          200             200             24.8999                 64.020                  5044.000                00
15:22:25.231    99167896        002697          红旗连锁        1300            1300            11.1390                 -466.640                14014.000               00
15:22:25.231    99167896        002698          博实股份        100             100             12.0724                 64.760                  1272.000                00
15:22:25.231    99167896        002705          新宝股份        0               0               0.0000                  1440.760                0.000                   00
15:22:25.231    99167896        002706          良信电器        1500            1500            15.0612                 2383.140                24975.000               00
15:22:25.231    99167896        002707          众信旅游        0               4700            6.8302                  3806.200                35908.000               00
15:22:25.231    99167896        002709          天赐材料        0               500             33.6454                 102.300                 16925.000               00
15:22:25.231    99167896        002732          燕塘乳业        200             400             22.0172                 -46.860                 8760.000                00
15:22:25.231    99167896        002737          葵花药业        0               300             14.5432                 38.040                  4401.000                00
15:22:25.231    99167896        002745          木林森          46000           46000           15.2423                 11395.860               712540.000              00
15:22:25.231    99167896        002747          埃斯顿          0               1300            11.6353                 968.140                 16094.000               00
15:22:25.231    99167896        002749          国光股份        800             800             12.8388                 8.950                   10280.000               00
15:22:25.231    99167896        002776          柏堡龙          0               1000            8.7423                  257.670                 9000.000                00
15:22:25.231    99167896        002777          久远银海        0               200             26.7547                 749.060                 6100.000                00
15:22:25.231    99167896        002783          凯龙股份        100             100             9.7520                  6.800                   982.000                 00
15:22:25.231    99167896        002791          坚朗五金        3500            3500            85.2212                 10880.770               309155.000              00
15:22:25.231    99167896        002798          帝欧家居        4438            4438            37.1128                 -12039.320              152667.200              00
15:22:25.231    99167896        002803          吉宏股份        7300            36300           26.5822                 6092.730                971025.000              00
15:22:25.231    99167896        002812          恩捷股份        3200            3200            62.0993                 17538.230               216256.000              00
15:22:25.231    99167896        002821          凯莱英          0               100             233.3914                400.860                 23740.000               00
15:22:25.231    99167896        002824          和胜股份        0               2200            26.0202                 3211.470                60456.000               00
15:22:25.231    99167896        002829          星网宇达        0               200             27.4351                 1722.980                7210.000                00
15:22:25.231    99167896        002831          裕同科技        400             400             27.9719                 -180.740                11008.000               00
15:22:25.231    99167896        002832          比音勒芬        0               1100            15.1978                 2521.420                19239.000               00
15:22:25.231    99167896        002840          华统股份        640             640             11.7283                 129.090                 7635.200                00
15:22:25.231    99167896        002841          视源股份        400             400             96.7218                 1343.270                40032.000               00
15:22:25.231    99167896        002845          同兴达          0               400             21.7992                 356.340                 9076.000                00
15:22:25.231    99167896        002847          盐津铺子        0               0               0.0000                  4618.510                0.000                   00
15:22:25.231    99167896        002850          科达利          0               0               0.0000                  7553.860                0.000                   00
15:22:25.231    99167896        002853          皮阿诺          0               0               0.0000                  625.890                 0.000                   00
15:22:25.231    99167896        002867          周大生          800             800             20.4316                 1814.690                18160.000               00
15:22:25.231    99167896        002880          卫光生物        400             400             62.7249                 1054.040                26144.000               00
15:22:25.231    99167896        002881          美格智能        700             1800            26.0298                 4428.360                51282.000               00
15:22:25.231    99167896        002887          绿茵生态        250             250             12.7852                 -106.300                3090.000                00
15:22:25.231    99167896        002891          中宠股份        0               1300            39.6259                 2579.350                54093.000               00
15:22:25.231    99167896        002901          大博医疗        0               100             113.2349                322.510                 11646.000               00
15:22:25.231    99167896        002913          奥士康          400             400             59.0618                 -180.720                23444.000               00
15:22:25.231    99167896        002916          深南电路        200             200             157.1241                2373.190                33798.000               00
15:22:25.231    99167896        002918          蒙娜丽莎        0               0               0.0000                  38.410                  0.000                   00
15:22:25.231    99167896        002920          德赛西威        0               400             12.2229                 20570.830               25460.000               00
15:22:25.231    99167896        002925          盈趣科技        800             800             55.5840                 1012.840                45480.000               00
15:22:25.231    99167896        002928          华夏航空        0               0               0.0000                  -4157.140               0.000                   00
15:22:25.231    99167896        002930          宏川智慧        2500            2500            14.1156                 -689.050                34600.000               00
15:22:25.231    99167896        002938          鹏鼎控股        1900            1900            46.3692                 5530.490                93632.000               00
15:22:25.231    99167896        002940          昂利康          400             400             55.2601                 -104.050                22000.000               00
15:22:25.231    99167896        082444          巨星配债        28              28              0.0000                  0.000                   0.000                   00
15:22:25.231    99167896        300003          乐普医疗        0               400             36.9103                 -252.100                14512.000               00
15:22:25.231    99167896        300009          安科生物        0               4600            17.3947                 622.400                 80638.000               00
15:22:25.231    99167896        300010          立思辰          0               2600            21.2747                 -1234.160               54080.000               00
15:22:25.231    99167896        300012          华测检测        0               0               0.0000                  923.780                 0.000                   00
15:22:25.231    99167896        300015          爱尔眼科        0               0               0.0000                  -1262.490               0.000                   00
15:22:25.231    99167896        300016          北陆药业        0               5500            11.5971                 290.970                 64075.000               00
15:22:25.231    99167896        300020          银江股份        0               0               0.0000                  3266.660                0.000                   00
15:22:25.231    99167896        300031          宝通科技        0               1100            25.3654                 1875.050                29777.000               00
15:22:25.231    99167896        300033          同花顺          700             700             128.1699                2681.050                92400.000               00
15:22:25.231    99167896        300037          新宙邦          0               800             47.8055                 5395.600                43640.000               00
15:22:25.231    99167896        300041          回天新材        400             800             15.6983                 -30.640                 12528.000               00
15:22:25.231    99167896        300054          鼎龙股份        0               6100            14.2755                 17107.570               104188.000              00
15:22:25.231    99167896        300059          东方财富        80              51280           20.2344                 286.100                 1037907.200             00
15:22:25.231    99167896        300073          当升科技        0               1600            33.1592                 33.330                  53088.000               00
15:22:25.231    99167896        300081          恒信东方        600             600             9.0137                  -272.190                5136.000                00
15:22:25.231    99167896        300113          顺网科技        4600            11200           26.4745                 -16738.910              279776.000              00
15:22:25.231    99167896        300119          瑞普生物        0               0               0.0000                  251.560                 0.000                   00
15:22:25.231    99167896        300132          青松股份        23400           28600           23.1679                 -513.170                662090.000              00
15:22:25.231    99167896        300136          信维通信        3500            8100            45.8614                 63168.580               434646.000              00
15:22:25.231    99167896        300138          晨光生物        6400            6400            12.0192                 -1978.910               74944.000               00
15:22:25.231    99167896        300143          盈康生命        1700            5500            16.3692                 2754.210                92785.000               00
15:22:25.231    99167896        300144          宋城演艺        0               0               0.0000                  -2720.570               0.000                   00
15:22:25.231    99167896        300149          量子生物        7500            7500            16.2221                 19409.210               141075.000              00
15:22:25.231    99167896        300155          安居宝          0               0               0.0000                  -19.660                 0.000                   00
15:22:25.231    99167896        300161          华中数控        200             400             24.1801                 127.970                 9800.000                00
15:22:25.231    99167896        300171          东富龙          0               3100            15.8854                 851.110                 50096.000               00
15:22:25.231    99167896        300188          美亚柏科        600             600             21.5698                 -1151.870               11790.000               00
15:22:25.231    99167896        300190          维尔利          0               0               0.0000                  -1641.630               0.000                   00
15:22:25.231    99167896        300200          高盟新材        0               0               0.0000                  -62.470                 0.000                   00
15:22:25.231    99167896        300203          聚光科技        3800            3800            18.2018                 -5706.760               63460.000               00
15:22:25.231    99167896        300208          青岛中程        0               0               0.0000                  17.130                  0.000                   00
15:22:25.231    99167896        300212          易华录          100             300             54.0678                 696.660                 16917.000               00
15:22:25.231    99167896        300226          上海钢联        100             100             61.0192                 1661.080                7763.000                00
15:22:25.231    99167896        300227          光韵达          0               1700            7.2251                  5601.380                17884.000               00
15:22:25.231    99167896        300229          拓尔思          0               700             12.0130                 -331.130                8078.000                00
15:22:25.231    99167896        300244          迪安诊断        0               4500            30.2069                 20669.090               156600.000              00
15:22:25.231    99167896        300248          新开普          0               0               0.0000                  -295.980                0.000                   00
15:22:25.231    99167896        300253          卫宁健康        0               5100            24.0185                 -13354.440              109140.000              00
15:22:25.231    99167896        300255          常山药业        0               0               0.0000                  -44.400                 0.000                   00
15:22:25.231    99167896        300257          开山股份        10500           10500           13.1723                 -2229.070               136080.000              00
15:22:25.231    99167896        300258          精锻科技        200             200             11.2628                 -128.550                2124.000                00
15:22:25.231    99167896        300271          华宇软件        1000            1000            28.0356                 -765.610                27270.000               00
15:22:25.231    99167896        300273          和佳医疗        0               0               0.0000                  -2219.530               0.000                   00
15:22:25.231    99167896        300274          阳光电源        5100            5100            13.4641                 7323.040                75990.000               00
15:22:25.231    99167896        300280          紫天科技        0               2000            46.2771                 6545.890                99100.000               00
15:22:25.231    99167896        300285          国瓷材料        0               6500            27.8846                 41699.780               222950.000              00
15:22:25.231    99167896        300294          博雅生物        1500            3000            37.5723                 202.960                 112920.000              00
15:22:25.231    99167896        300298          三诺生物        36              1236            -4.3467                 45320.070               39947.520               00
15:22:25.231    99167896        300302          同有科技        0               600             12.2088                 354.720                 7680.000                00
15:22:25.231    99167896        300315          掌趣科技        0               14600           7.1829                  -918.140                103952.000              00
15:22:25.231    99167896        300323          华灿光电        400             400             5.4511                  -28.440                 2152.000                00
15:22:25.231    99167896        300326          凯利泰          0               0               0.0000                  2342.900                0.000                   00
15:22:25.231    99167896        300328          宜安科技        29500           29500           11.6470                 1858.300                345445.000              00
15:22:25.231    99167896        300331          苏大维格        0               0               0.0000                  -1919.600               0.000                   00
15:22:25.231    99167896        300346          南大光电        1200            1200            26.3883                 17990.050               49656.000               00
15:22:25.231    99167896        300347          泰格医药        0               0               0.0000                  17196.590               0.000                   00
15:22:25.231    99167896        300349          金卡智能        100             100             15.3910                 -50.100                 1489.000                00
15:22:25.231    99167896        300357          我武生物        400             400             59.6033                 446.670                 24288.000               00
15:22:25.231    99167896        300360          炬华科技        0               900             9.6625                  96.740                  8793.000                00
15:22:25.231    99167896        300373          扬杰科技        0               5100            32.4159                 3743.920                169065.000              00
15:22:25.231    99167896        300378          鼎捷软件        0               200             13.6380                 42.400                  2770.000                00
15:22:25.231    99167896        300394          天孚通信        400             800             57.2272                 498.270                 46280.000               00
15:22:25.231    99167896        300395          菲利华          0               700             32.1652                 -3.640                  22512.000               00
15:22:25.231    99167896        300396          迪瑞医疗        23400           41800           26.6859                 -16964.960              1098504.000             00
15:22:25.231    99167896        300401          花园生物        0               1100            13.9387                 650.460                 15983.000               00
15:22:25.231    99167896        300406          九强生物        500             500             23.2947                 -347.330                11300.000               00
15:22:25.231    99167896        300408          三环集团        0               0               0.0000                  4412.560                0.000                   00
15:22:25.231    99167896        300413          芒果超媒        1027            2527            58.6029                 9873.190                157962.770              00
15:22:25.231    99167896        300418          昆仑万维        0               3900            23.3805                 6121.040                97305.000               00
15:22:25.231    99167896        300438          鹏辉能源        50              4450            15.2681                 10643.990               78587.000               00
15:22:25.231    99167896        300441          鲍斯股份        0               1600            10.6984                 1234.550                18352.000               00
15:22:25.231    99167896        300450          先导智能        0               1200            48.2559                 -3427.110               54480.000               00
15:22:25.231    99167896        300451          创业慧康        50              50              -120.2226               6899.630                888.500                 00
15:22:25.231    99167896        300452          山河药辅        0               0               0.0000                  -58.390                 0.000                   00
15:22:25.231    99167896        300453          三鑫医疗        0               26100           19.6539                 3291.520                516258.000              00
15:22:25.231    99167896        300454          深信服          0               300             175.4283                6771.520                59400.000               00
15:22:25.231    99167896        300456          赛微电子        0               1600            28.4170                 -1003.170               44464.000               00
15:22:25.231    99167896        300457          赢合科技        0               0               0.0000                  -1650.940               0.000                   00
15:22:25.231    99167896        300458          全志科技        400             3500            33.4545                 11464.410               128555.000              00
15:22:25.231    99167896        300463          迈克生物        4800            4800            47.3641                 48412.510               275760.000              00
15:22:25.231    99167896        300474          景嘉微          0               800             60.5254                 6787.700                55208.000               00
15:22:25.231    99167896        300476          胜宏科技        300             300             23.5936                 157.920                 7236.000                00
15:22:25.231    99167896        300482          万孚生物        3800            3800            95.9763                 20192.240               384902.000              00
15:22:25.231    99167896        300485          赛升药业        7500            15000           22.1065                 3652.330                335250.000              00
15:22:25.231    99167896        300487          蓝晓科技        0               300             32.8693                 453.220                 10314.000               00
15:22:25.231    99167896        300489          中飞股份        0               100             31.1217                 -71.170                 3041.000                00
15:22:25.231    99167896        300496          中科创达        1200            1300            73.6455                 4360.830                100100.000              00
15:22:25.231    99167896        300502          新易盛          3100            3100            57.5710                 12489.820               190960.000              00
15:22:25.231    99167896        300511          雪榕生物        0               10000           12.7897                 1603.190                129500.000              00
15:22:25.231    99167896        300523          辰安科技        0               100             44.9187                 279.130                 4771.000                00
15:22:25.231    99167896        300525          博思软件        1500            1500            33.4520                 5951.970                56130.000               00
15:22:25.231    99167896        300526          中潜股份        100             100             -8.4675                 12946.750               12100.000               00
15:22:25.231    99167896        300527          中船应急        1100            1100            8.9918                  -34.980                 9856.000                00
15:22:25.231    99167896        300529          健帆生物        1600            1600            63.4802                 6847.690                108416.000              00
15:22:25.231    99167896        300530          达志科技        200             400             31.1579                 3736.850                16200.000               00
15:22:25.231    99167896        300542          新晨科技        100             100             11.2122                 -22.220                 1099.000                00
15:22:25.231    99167896        300548          博创科技        0               500             46.4085                 8445.750                31650.000               00
15:22:25.231    99167896        300551          古鳌科技        600             600             17.9138                 513.700                 11262.000               00
15:22:25.231    99167896        300558          贝达药业        600             600             120.2479                10063.290               82212.000               00
15:22:25.231    99167896        300559          佳发教育        0               200             60.2918                 -7802.350               4256.000                00
15:22:25.231    99167896        300566          激智科技        0               300             28.4791                 -332.730                8211.000                00
15:22:25.231    99167896        300568          星源材质        1279            1279            19.1274                 -789.650                23674.290               00
15:22:25.231    99167896        300572          安车检测        0               200             -186.0601               50738.010               13526.000               00
15:22:25.231    99167896        300573          兴齐眼药        1900            2200            144.1753                -2629.660               314556.000              00
15:22:25.231    99167896        300575          中旗股份        2400            2400            37.1251                 6683.810                95784.000               00
15:22:25.231    99167896        300579          数字认证        0               0               0.0000                  3.680                   0.000                   00
15:22:25.231    99167896        300595          欧普康视        0               500             65.7360                 31.990                  32900.000               00
15:22:25.231    99167896        300596          利安隆          0               800             32.1528                 2157.790                27880.000               00
15:22:25.231    99167896        300601          康泰生物        600             600             151.5516                5321.060                96252.000               00
15:22:25.231    99167896        300609          汇纳科技        0               0               0.0000                  -588.280                0.000                   00
15:22:25.231    99167896        300613          富瀚微          0               200             105.0001                2029.980                23030.000               00
15:22:25.231    99167896        300617          安靠智电        100             200             33.9022                 57.570                  6838.000                00
15:22:25.231    99167896        300618          寒锐钴业        0               3640            59.8974                 10274.200               228300.800              00
15:22:25.231    99167896        300620          光库科技        0               0               0.0000                  54239.660               0.000                   00
15:22:25.231    99167896        300623          捷捷微电        6000            6000            27.1286                 19748.700               182520.000              00
15:22:25.231    99167896        300624          万兴科技        0               2100            77.4155                 14163.530               176736.000              00
15:22:25.231    99167896        300628          亿联网络        600             600             61.1504                 3791.770                40482.000               00
15:22:25.231    99167896        300633          开立医疗        400             800             37.6736                 85.140                  30224.000               00
15:22:25.231    99167896        300635          中达安          0               0               0.0000                  -283.780                0.000                   00
15:22:25.231    99167896        300636          同和药业        9000            9000            38.9486                 12792.480               363330.000              00
15:22:25.231    99167896        300638          广和通          0               400             56.5875                 189.010                 22824.000               00
15:22:25.231    99167896        300642          透景生命        400             800             52.5459                 -1068.690               40968.000               00
15:22:25.231    99167896        300651          金陵体育        800             800             35.0993                 -1711.460               26368.000               00
15:22:25.231    99167896        300653          正海生物        0               600             70.1016                 4241.030                46302.000               00
15:22:25.231    99167896        300655          晶瑞股份        0               900             40.5331                 789.230                 37269.000               00
15:22:25.231    99167896        300657          弘信电子        5100            5100            20.0086                 -451.700                101592.000              00
15:22:25.231    99167896        300658          延江股份        0               1000            27.9575                 2112.550                30070.000               00
15:22:25.231    99167896        300659          中孚信息        200             400             54.9884                 1168.630                23164.000               00
15:22:25.231    99167896        300660          江苏雷利        100             100             16.6933                 74.670                  1744.000                00
15:22:25.231    99167896        300662          科锐国际        8800            8800            43.9157                 -15449.850              371008.000              00
15:22:25.231    99167896        300663          科蓝软件        8600            17200           26.6719                 8910.520                467668.000              00
15:22:25.231    99167896        300673          佩蒂股份        11400           11400           38.0614                 20047.770               453948.000              00
15:22:25.231    99167896        300674          宇信科技        3600            7200            44.4843                 -17886.970              302400.000              00
15:22:25.231    99167896        300676          华大基因        0               4100            112.6806                171049.470              633040.000              00
15:22:25.231    99167896        300677          英科医疗        2500            5000            114.9663                37918.470               612750.000              00
15:22:25.231    99167896        300679          电连技术        0               0               0.0000                  -250.100                0.000                   00
15:22:25.231    99167896        300684          中石科技        0               0               0.0000                  4098.130                0.000                   00
15:22:25.231    99167896        300685          艾德生物        0               600             74.1997                 480.210                 45000.000               00
15:22:25.231    99167896        300696          爱乐达          3000            3000            35.3232                 4760.460                110730.000              00
15:22:25.231    99167896        300701          森霸传感        0               0               0.0000                  176.540                 0.000                   00
15:22:25.231    99167896        300702          天宇股份        1200            2400            103.6326                -486.210                248232.000              00
15:22:25.231    99167896        300709          精研科技        740             1440            87.1151                 14839.080               140284.800              00
15:22:25.231    99167896        300715          凯伦股份        0               0               0.0000                  -4572.950               0.000                   00
15:22:25.231    99167896        300724          捷佳伟创        500             1000            73.2742                 11425.760               84700.000               00
15:22:25.231    99167896        300725          药石科技        0               500             103.1812                8489.400                60080.000               00
15:22:25.231    99167896        300735          光弘科技        0               200             17.4620                 323.600                 3816.000                00
15:22:25.231    99167896        300737          科顺股份        0               500             19.6565                 181.770                 10010.000               00
15:22:25.231    99167896        300738          奥飞数据        1800            1800            57.1664                 -2189.560               100710.000              00
15:22:25.231    99167896        300739          明阳电路        0               0               0.0000                  319.340                 0.000                   00
15:22:25.231    99167896        300741          华宝股份        0               100             36.5580                 59.200                  3715.000                00
15:22:25.231    99167896        300747          锐科激光        200             200             108.3917                -446.330                21232.000               00
15:22:25.231    99167896        300751          迈为股份        200             200             160.6994                25260.130               57400.000               00
15:22:25.231    99167896        300753          爱朋医疗        2100            2100            38.7552                 -2951.010               78435.000               00
15:22:25.231    99167896        300755          华致酒行        0               600             32.8371                 547.740                 20250.000               00
15:22:25.231    99167896        300759          康龙化成        0               600             95.4410                 1055.420                58320.000               00
15:22:25.231    99167896        300760          迈瑞医疗        1503            1503            290.4174                12148.150               448645.500              00
15:22:25.231    99167896        300763          锦浪科技        1500            1500            57.3709                 11788.610               97845.000               00
15:22:25.231    99167896        380511          雪榕配债        7               7               0.0000                  0.000                   0.000                   00
15:22:25.231    99167896        511990          华宝添益        19              19              -12043.6637             230729.154              1899.544                10
15:22:25.231    99167896        600059          古越龙山        1400            1400            9.3387                  491.850                 13566.000               10
15:22:25.231    99167896        600079          人福医药        2400            4800            25.4167                 4287.910                126288.000              10
15:22:25.231    99167896        600088          中视传媒        0               1400            14.7359                 397.710                 21028.000               10
15:22:25.231    99167896        600105          永鼎股份        0               0               0.0000                  -22.400                 0.000                   10
15:22:25.231    99167896        600109          国金证券        21400           21400           10.9673                 12042.530               246742.000              10
15:22:25.231    99167896        600110          诺德股份        0               0               0.0000                  -4110.930               0.000                   10
15:22:25.231    99167896        600114          东睦股份        1100            1100            10.3168                 25.500                  11374.000               10
15:22:25.231    99167896        600126          杭钢股份        14000           28000           9.7662                  -11373.420              262080.000              10
15:22:25.231    99167896        600129          太极集团        0               2300            15.1639                 312.930                 35190.000               10
15:22:25.231    99167896        600132          重庆啤酒        0               700             70.3999                 1750.050                51030.000               10
15:22:25.231    99167896        600197          伊力特          0               11100           17.4204                 36403.790               229770.000              10
15:22:25.231    99167896        600198          大唐电信        0               28800           14.7185                 35466.870               459360.000              10
15:22:25.231    99167896        600199          金种子酒        0               0               0.0000                  976.190                 0.000                   10
15:22:25.231    99167896        600201          生物股份        0               500             25.6860                 957.000                 13800.000               10
15:22:25.231    99167896        600211          西藏药业        0               5000            66.3422                 18739.140               350450.000              10
15:22:25.231    99167896        600216          浙江医药        0               0               0.0000                  -944.760                0.000                   10
15:22:25.231    99167896        600273          嘉化能源        100             100             8.7119                  3.810                   875.000                 10
15:22:25.231    99167896        600276          恒瑞医药        0               1100            90.0434                 1107.220                100155.000              10
15:22:25.231    99167896        600288          大恒科技        100             100             11.4425                 10.750                  1155.000                10
15:22:25.231    99167896        600298          安琪酵母        0               0               0.0000                  10035.360               0.000                   10
15:22:25.231    99167896        600315          上海家化        1900            4000            58.5005                 -49802.120              184200.000              10
15:22:25.231    99167896        600316          洪都航空        0               0               0.0000                  1655.410                0.000                   10
15:22:25.231    99167896        600323          瀚蓝环境        100             100             21.5047                 124.530                 2275.000                10
15:22:25.231    99167896        600345          长江通信        0               0               0.0000                  -5.810                  0.000                   10
15:22:25.231    99167896        600380          健康元          4300            4300            16.8277                 -3988.920               68370.000               10
15:22:25.231    99167896        600383          金地集团        0               0               0.0000                  311.760                 0.000                   10
15:22:25.231    99167896        600418          江淮汽车        0               0               0.0000                  -49203.860              0.000                   10
15:22:25.231    99167896        600426          华鲁恒升        0               300             17.4790                 312.310                 5556.000                10
15:22:25.231    99167896        600436          片仔癀          0               200             161.6522                2397.560                34728.000               10
15:22:25.231    99167896        600438          通威股份        0               10700           16.1878                 21209.190               194419.000              10
15:22:25.231    99167896        600446          金证股份        0               0               0.0000                  -1088.480               0.000                   10
15:22:25.231    99167896        600456          宝钛股份        200             200             25.2407                 421.870                 5470.000                10
15:22:25.231    99167896        600459          贵研铂业        1300            3700            21.6319                 27779.790               107818.000              10
15:22:25.231    99167896        600475          华光环能        100             100             11.9251                 0.490                   1193.000                10
15:22:25.231    99167896        600480          凌云股份        0               29200           11.0746                 10962.680               334340.000              10
15:22:25.231    99167896        600486          扬农化工        8000            8000            83.1283                 -13026.520              652000.000              10
15:22:25.231    99167896        600511          国药股份        0               10600           38.9423                 4321.630                417110.000              10
15:22:25.231    99167896        600521          华海药业        2900            2900            32.6640                 655.420                 95381.000               10
15:22:25.231    99167896        600523          贵航股份        6500            6500            16.8267                 -303.350                109070.000              10
15:22:25.231    99167896        600529          山东药玻        0               500             48.3380                 3236.000                27405.000               10
15:22:25.231    99167896        600535          天士力          0               3500            17.3531                 1704.040                62440.000               10
15:22:25.231    99167896        600552          凯盛科技        0               400             5.4293                  380.270                 2552.000                10
15:22:25.231    99167896        600557          康缘药业        400             400             13.9681                 124.760                 5712.000                10
15:22:25.231    99167896        600559          老白干酒        0               3600            12.9819                 4565.140                51300.000               10
15:22:25.231    99167896        600563          法拉电子        100             100             58.3395                 161.050                 5995.000                10
15:22:25.231    99167896        600604          市北高新        0               3800            9.3414                  -613.140                34884.000               10
15:22:25.231    99167896        600609          金杯汽车        0               3900            7.2106                  504.810                 28626.000               10
15:22:25.231    99167896        600636          国新文化        200             200             12.2827                 3.460                   2460.000                10
15:22:25.231    99167896        600638          新黄浦          100             100             6.0313                  7.870                   611.000                 10
15:22:25.231    99167896        600640          号百控股        0               0               0.0000                  -1567.400               0.000                   10
15:22:25.231    99167896        600642          申能股份        0               700             5.8183                  -54.830                 4018.000                10
15:22:25.231    99167896        600645          中源协和        3200            4100            25.9218                 6921.540                113201.000              10
15:22:25.231    99167896        600674          川投能源        0               0               0.0000                  6.650                   0.000                   10
15:22:25.231    99167896        600676          交运股份        4800            4800            5.6950                  -983.990                26352.000               10
15:22:25.231    99167896        600694          大商股份        100             100             24.6515                 -62.150                 2403.000                10
15:22:25.231    99167896        600702          舍得酒业        0               1400            34.3272                 9243.870                57302.000               10
15:22:25.231    99167896        600703          三安光电        900             900             24.7154                 -4.890                  22239.000               10
15:22:25.231    99167896        600711          盛屯矿业        10300           20600           4.7314                  5121.910                102588.000              10
15:22:25.231    99167896        600718          东软集团        0               300             12.1427                 -9.800                  3633.000                10
15:22:25.231    99167896        600723          首商股份        0               5100            7.8461                  3742.980                43758.000               10
15:22:25.231    99167896        600729          重庆百货        0               0               0.0000                  4124.090                0.000                   10
15:22:25.231    99167896        600739          辽宁成大        1600            1600            18.9898                 432.290                 30816.000               10
15:22:25.231    99167896        600741          华域汽车        600             600             20.8496                 684.250                 13194.000               10
15:22:25.231    99167896        600746          江苏索普        0               0               0.0000                  -3.870                  0.000                   10
15:22:25.231    99167896        600750          江中药业        0               900             13.5730                 -2.680                  12213.000               10
15:22:25.231    99167896        600754          锦江酒店        2400            2400            28.0763                 1736.930                69120.000               10
15:22:25.231    99167896        600779          水井坊          0               600             60.6757                 2750.600                39156.000               10
15:22:25.231    99167896        600803          新奥股份        0               0               0.0000                  -17.490                 0.000                   10
15:22:25.231    99167896        600812          华北制药        41800           46500           12.7433                 2169.900                594735.000              10
15:22:25.231    99167896        600827          百联股份        0               32000           14.5324                 11122.940               476160.000              10
15:22:25.231    99167896        600834          申通地铁        0               0               0.0000                  3381.920                0.000                   10
15:22:25.231    99167896        600835          上海机电        300             300             15.9780                 234.600                 5028.000                10
15:22:25.231    99167896        600845          宝信软件        2600            2600            53.8686                 8687.700                148746.000              10
15:22:25.231    99167896        600867          通化东宝        0               4800            16.8791                 -91.820                 80928.000               10
15:22:25.231    99167896        600872          中炬高新        0               300             53.2345                 1894.660                17865.000               10
15:22:25.231    99167896        600882          妙可蓝多        13300           13300           37.7614                 -31008.110              471219.000              10
15:22:25.231    99167896        600885          宏发股份        0               1000            35.2625                 4787.550                40050.000               10
15:22:25.231    99167896        600933          爱柯迪          100             100             13.7130                 9.700                   1381.000                10
15:22:25.231    99167896        600966          博汇纸业        3400            3400            10.1652                 50.400                  34612.000               10
15:22:25.231    99167896        600984          建设机械        0               3000            15.6299                 25770.210               72660.000               10
15:22:25.231    99167896        600988          赤峰黄金        20600           20600           10.4580                 30529.690               245964.000              10
15:22:25.231    99167896        600993          马应龙          0               3100            24.8734                 5600.510                82708.000               10
15:22:25.231    99167896        600998          九州通          0               0               0.0000                  493.490                 0.000                   10
15:22:25.231    99167896        600999          招商证券        0               3500            19.7929                 7549.870                76825.000               10
15:22:25.231    99167896        601012          隆基股份        9200            9200            40.1303                 13797.220               382996.000              10
15:22:25.231    99167896        601021          春秋航空        100             100             35.3378                 120.220                 3654.000                10
15:22:25.231    99167896        601028          玉龙股份        0               3600            10.0260                 8510.370                44604.000               10
15:22:25.231    99167896        601066          中信建投        7200            7200            37.5191                 13686.190               283824.000              10
15:22:25.231    99167896        601137          博威合金        0               0               0.0000                  13090.220               0.000                   10
15:22:25.231    99167896        601208          东材科技        0               100             6.3908                  19.920                  659.000                 10
15:22:25.231    99167896        601636          旗滨集团        0               4400            5.7404                  1494.360                26752.000               10
15:22:25.231    99167896        601689          拓普集团        0               1300            16.3441                 14515.620               35763.000               10
15:22:25.231    99167896        601799          星宇股份        700             800             113.0701                11439.920               101896.000              10
15:22:25.231    99167896        601878          浙商证券        0               300             10.0274                 261.780                 3270.000                10
15:22:25.231    99167896        601968          宝钢包装        0               800             5.6623                  270.180                 4800.000                10
15:22:25.231    99167896        603019          中科曙光        0               0               0.0000                  -89.450                 0.000                   10
15:22:25.231    99167896        603027          千禾味业        80              2180            25.9878                 15569.910               72223.400               10
15:22:25.231    99167896        603030          全筑股份        3000            3000            6.3103                  2459.020                21390.000               10
15:22:25.231    99167896        603033          三维股份        3500            3500            23.6878                 -6152.160               76755.000               10
15:22:25.231    99167896        603055          台华新材        900             900             7.4417                  -82.520                 6615.000                10
15:22:25.231    99167896        603056          德邦股份        0               0               0.0000                  -1339.600               0.000                   10
15:22:25.231    99167896        603058          永吉股份        0               600             8.9226                  874.450                 6228.000                10
15:22:25.231    99167896        603060          国检集团        26588           30788           19.1212                 16896.090               605599.960              10
15:22:25.231    99167896        603069          海汽集团        400             400             9.9247                  2130.120                6100.000                10
15:22:25.231    99167896        603113          金能科技        6200            6200            12.1301                 -744.380                74462.000               10
15:22:25.231    99167896        603123          翠微股份        200             200             7.4766                  64.680                  1560.000                10
15:22:25.231    99167896        603127          昭衍新药        0               500             84.0136                 8943.190                50950.000               10
15:22:25.231    99167896        603129          春风动力        6500            6500            67.6289                 15412.100               455000.000              10
15:22:25.231    99167896        603179          新泉股份        0               0               0.0000                  1522.940                0.000                   10
15:22:25.231    99167896        603181          皇马科技        18200           18200           21.9012                 7076.110                405678.000              10
15:22:25.231    99167896        603185          上机数控        0               800             38.2668                 8714.560                39328.000               10
15:22:25.231    99167896        603187          海容冷链        6800            6800            36.5676                 220.180                 248880.000              10
15:22:25.231    99167896        603189          网达软件        200             200             23.7081                 444.380                 5186.000                10
15:22:25.231    99167896        603198          迎驾贡酒        0               8000            20.3612                 28710.540               191600.000              10
15:22:25.231    99167896        603208          江山欧派        0               100             117.2271                -1536.710               10186.000               10
15:22:25.231    99167896        603214          爱婴室          400             400             31.6012                 -440.480                12200.000               10
15:22:25.231    99167896        603229          奥翔药业        80              3080            45.2830                 13604.270               153076.000              10
15:22:25.231    99167896        603232          格尔软件        0               400             29.5516                 331.350                 12152.000               10
15:22:25.231    99167896        603233          大参林          0               400             70.3204                 2299.850                30428.000               10
15:22:25.231    99167896        603238          诺邦股份        0               200             42.6013                 151.750                 8672.000                10
15:22:25.231    99167896        603258          电魂网络        0               3300            43.4474                 42380.560               185757.000              10
15:22:25.231    99167896        603283          赛腾股份        2000            2000            53.4226                 2114.830                108960.000              10
15:22:25.231    99167896        603297          永新光学        0               100             45.4200                 38.000                  4580.000                10
15:22:25.231    99167896        603298          杭叉集团        1100            1100            10.4562                 356.190                 11858.000               10
15:22:25.231    99167896        603301          振德医疗        2300            7700            44.8476                 61233.160               406560.000              10
15:22:25.231    99167896        603303          得邦照明        300             300             10.6343                 13.720                  3204.000                10
15:22:25.231    99167896        603313          梦百合          0               0               0.0000                  -532.400                0.000                   10
15:22:25.231    99167896        603317          天味食品        0               0               0.0000                  22892.610               0.000                   10
15:22:25.231    99167896        603337          杰克股份        0               200             20.9174                 336.530                 4520.000                10
15:22:25.231    99167896        603338          浙江鼎力        200             200             76.0617                 -58.340                 15154.000               10
15:22:25.231    99167896        603345          安井食品        100             100             115.6154                198.460                 11760.000               10
15:22:25.231    99167896        603378          亚士创能        200             400             43.0997                 -715.860                16524.000               10
15:22:25.231    99167896        603385          惠达卫浴        2500            2500            14.0292                 977.040                 36050.000               10
15:22:25.231    99167896        603387          基蛋生物        0               1400            39.8180                 688.850                 56434.000               10
15:22:25.231    99167896        603429          集友股份        20              1620            28.8244                 10020.720               56716.200               10
15:22:25.231    99167896        603444          吉比特          0               300             542.1227                3698.200                166335.000              10
15:22:25.231    99167896        603466          风语筑          14300           18000           17.5733                 37741.480               354060.000              10
15:22:25.231    99167896        603486          科沃斯          0               0               0.0000                  705.600                 0.000                   10
15:22:25.231    99167896        603506          南都物业        300             300             29.7265                 -97.960                 8820.000                10
15:22:25.231    99167896        603508          思维列控        0               0               0.0000                  -147.810                0.000                   10
15:22:25.231    99167896        603515          欧普照明        400             400             27.2910                 -224.400                10692.000               10
15:22:25.231    99167896        603517          绝味食品        800             800             62.3613                 7262.960                57152.000               10
15:22:25.231    99167896        603520          司太立          6460            12860           80.0341                 -56380.010              972859.000              10
15:22:25.231    99167896        603528          多伦科技        1600            1600            10.3567                 -426.790                16144.000               10
15:22:25.231    99167896        603533          掌阅科技        0               0               0.0000                  754.800                 0.000                   10
15:22:25.231    99167896        603538          美诺华          1900            2800            50.3138                 -514.600                140364.000              10
15:22:25.231    99167896        603557          起步股份        0               0               0.0000                  264.650                 0.000                   10
15:22:25.231    99167896        603558          健盛集团        0               2000            9.1261                  407.750                 18660.000               10
15:22:25.231    99167896        603566          普莱柯          4800            4800            27.4088                 -2538.030               129024.000              10
15:22:25.231    99167896        603567          珍宝岛          0               0               0.0000                  -15.550                 0.000                   10
15:22:25.231    99167896        603583          捷昌驱动        2400            2400            66.6334                 10983.850               170904.000              10
15:22:25.231    99167896        603589          口子窖          0               1600            52.0300                 2608.020                85856.000               10
15:22:25.231    99167896        603595          东尼电子        0               0               0.0000                  -2219.480               0.000                   10
15:22:25.231    99167896        603599          广信股份        400             400             16.3945                 182.220                 6740.000                10
15:22:25.231    99167896        603605          珀莱雅          200             300             98.1469                 24924.940               54369.000               10
15:22:25.231    99167896        603606          东方电缆        900             900             14.3388                 73.090                  12978.000               10
15:22:25.231    99167896        603650          彤程新材        2500            2500            16.5649                 16037.650               57450.000               10
15:22:25.231    99167896        603658          安图生物        200             200             172.4804                -3616.080               30880.000               10
15:22:25.231    99167896        603659          璞泰来          0               600             71.9525                 21280.500               64452.000               10
15:22:25.231    99167896        603661          恒林股份        1600            2500            50.7479                 -2594.660               124275.000              10
15:22:25.231    99167896        603666          亿嘉和          0               1600            76.1313                 21709.880               143520.000              10
15:22:25.231    99167896        603669          灵康药业        1100            1100            7.9499                  -274.940                8470.000                10
15:22:25.231    99167896        603678          火炬电子        0               1600            26.6906                 3198.980                45904.000               10
15:22:25.231    99167896        603686          龙马环卫        3200            3200            23.7446                 145.250                 76128.000               10
15:22:25.231    99167896        603690          至纯科技        61              4261            37.8934                 12172.100               173635.750              10
15:22:25.231    99167896        603699          纽威股份        300             300             15.9501                 59.960                  4845.000                10
15:22:25.231    99167896        603700          宁水集团        8700            17400           30.3788                 23337.010               551928.000              10
15:22:25.231    99167896        603707          健友股份        100             100             59.3411                 415.890                 6350.000                10
15:22:25.231    99167896        603708          家家悦          75              375             38.1737                 3047.350                17362.500               10
15:22:25.231    99167896        603711          香飘飘          200             200             30.4257                 -179.130                5906.000                10
15:22:25.231    99167896        603712          七一二          0               700             36.5166                 163.390                 25725.000               10
15:22:25.231    99167896        603713          密尔克卫        1300            1600            93.6058                 11654.660               161424.000              10
15:22:25.231    99167896        603728          鸣志电器        400             400             13.1316                 15.370                  5268.000                10
15:22:25.231    99167896        603730          岱美股份        200             200             33.1045                 -204.890                6416.000                10
15:22:25.231    99167896        603737          三棵树          560             560             88.9931                 2652.670                52488.800               10
15:22:25.231    99167896        603739          蔚蓝生物        0               1600            26.1426                 1883.880                43712.000               10
15:22:25.231    99167896        603788          宁波高发        0               200             18.1021                 63.590                  3684.000                10
15:22:25.231    99167896        603799          华友钴业        0               8200            38.0103                 18529.170               330214.000              10
15:22:25.231    99167896        603803          瑞斯康达        0               100             11.9689                 -47.890                 1149.000                10
15:22:25.231    99167896        603806          福斯特          0               900             4.1010                  41282.060               44973.000               10
15:22:25.231    99167896        603811          诚意药业        1600            4800            27.3330                 10113.810               141312.000              10
15:22:25.231    99167896        603816          顾家家居        0               0               0.0000                  20706.020               0.000                   10
15:22:25.231    99167896        603818          曲美家居        0               200             8.1259                  196.830                 1822.000                10
15:22:25.231    99167896        603823          百合花          1400            1400            19.7367                 -4461.360               23170.000               10
15:22:25.231    99167896        603825          华扬联众        0               300             43.3804                 -3744.120               9270.000                10
15:22:25.231    99167896        603826          坤彩科技        12200           12200           33.3836                 -2362.520               404918.000              10
15:22:25.231    99167896        603855          华荣股份        1600            3200            17.0382                 421.820                 54944.000               10
15:22:25.231    99167896        603859          能科股份        0               0               0.0000                  116.930                 0.000                   10
15:22:25.231    99167896        603866          桃李面包        200             200             48.6391                 508.190                 10236.000               10
15:22:25.231    99167896        603868          飞科电器        0               200             45.4125                 1769.510                10852.000               10
15:22:25.231    99167896        603871          嘉友国际        0               0               0.0000                  29.560                  0.000                   10
15:22:25.231    99167896        603882          XD金域医        0               600             84.2919                 184.850                 50760.000               10
15:22:25.231    99167896        603883          老百姓          0               700             95.3524                 586.330                 67333.000               10
15:22:25.231    99167896        603887          城地股份        0               600             23.9369                 79.840                  14442.000               10
15:22:25.231    99167896        603890          春秋电子        0               5200            15.2798                 7644.910                87100.000               10
15:22:25.231    99167896        603896          寿仙谷          0               200             32.5615                 547.700                 7060.000                10
15:22:25.231    99167896        603898          好莱客          200             200             15.5009                 -206.180                2894.000                10
15:22:25.231    99167896        603899          晨光文具        400             400             52.9119                 1563.260                22728.000               10
15:22:25.231    99167896        603916          苏博特          0               7200            29.3164                 -23086.430              187992.000              10
15:22:25.231    99167896        603919          金徽酒          10              1210            10.8685                 9318.840                22469.700               10
15:22:25.231    99167896        603936          博敏电子        80              80              4.3145                  826.040                 1171.200                10
15:22:25.231    99167896        603960          克来机电        50              22950           26.2802                 69762.790               672894.000              10
15:22:25.231    99167896        603987          康德莱          2600            2600            15.3616                 4025.810                43966.000               10
15:22:25.231    99167896        603990          麦迪科技        700             700             55.0738                 -2501.670               36050.000               10
