时间            委托编号        委托标识        成交编号                证券代码        交易业务                成交数量        成交价格        委托状态        汇总成交        汇总撤单
09:30:22.000    210109595       10002           0102000001408996        002916          101 证券卖出            12              164.0000        已成            0               0
09:32:43.000    206114420       10004           0104000002729403        002322          101 证券卖出            400             15.7200         部分成交        0               0
09:32:43.000    206114420       10004           0104000002729405        002322          101 证券卖出            500             15.7200         已成            0               0
09:32:43.000    222118245       10005           1780277                 600556          101 证券卖出            500             20.2400         部分成交        0               0
09:32:43.000    222118245       10005           1780278                 600556          101 证券卖出            100             20.2400         已成            0               0
09:32:43.000    226106201       10006           1780401                 600885          101 证券卖出            200             46.0900         部分成交        0               0
09:32:43.000    226106201       10006           1780402                 600885          101 证券卖出            400             46.0800         部分成交        0               0
09:32:43.000    226106201       10006           1780403                 600885          101 证券卖出            300             46.0800         部分成交        0               0
09:32:43.000    226106201       10006           1780404                 600885          101 证券卖出            100             46.0800         部分成交        0               0
09:32:43.000    226106201       10006           1780405                 600885          101 证券卖出            200             46.0700         部分成交        0               0
09:32:43.000    226106201       10006           1780406                 600885          101 证券卖出            400             46.0600         部分成交        0               0
09:32:43.000    226106201       10006           1780407                 600885          101 证券卖出            700             46.0600         部分成交        0               0
09:32:43.000    206114421       10013           0104000002732938        002555          100 证券买入            900             44.2400         已成            0               0
09:32:43.000    210109922       10014           0102000002836394        300595          100 证券买入            100             63.6000         已成            0               0
09:32:43.000    238115833       10007           1781364                 603236          101 证券卖出            100             213.5700        已成            0               0
09:32:43.000    214114008       10009           1782026                 603707          101 证券卖出            100             47.1300         部分成交        0               0
09:32:43.000    230117223       10011           1782151                 603238          100 证券买入            100             40.2900         已成            0               0
09:32:43.000    234109070       10012           1782600                 603613          100 证券买入            100             84.2000         已成            0               0
09:32:44.000    218112114       10010           0103000002995870        002749          101 证券卖出            -100            15.0200         已撤            0               0
09:32:44.000    202106013       10008           1785628                 603659          101 证券卖出            100             110.5500        部分成交        0               0
09:32:44.000    202106013       10008           1785632                 603659          101 证券卖出            100             110.5500        部分成交        0               0
09:32:44.000    226106201       10006           1786339                 600885          101 证券卖出            300             46.0200         部分成交        0               0
09:32:44.000    226106201       10006           1786954                 600885          101 证券卖出            500             46.0200         部分成交        0               0
09:32:44.000    226106201       10006           1787467                 600885          101 证券卖出            800             46.0200         部分成交        0               0
09:32:44.000    226106201       10006           1787476                 600885          101 证券卖出            300             46.0200         已成            0               0
09:32:45.000    202106013       10008           WTD:1046000006          603659          101 证券卖出            -800            110.5500        部撤            0               0
09:32:46.000    214114008       10009           1795590                 603707          101 证券卖出            100             47.1200         已成            0               0
09:32:46.000    202106012       10003           WTD:1046000002          603876          101 证券卖出            -400            16.6500         已撤            0               0
09:32:47.000    222118246       10015           0102000002864457        300725          100 证券买入            -600            120.3700        已撤            0               0
09:32:49.000    202106019       10020           0103000003036629        002749          101 证券卖出            800             15.0100         部分成交        0               0
09:32:49.000    226106207       10022           0104000002773927        002322          101 证券卖出            600             15.7600         已成            0               0
09:32:49.000    230117234       10023           0104000002773930        002555          100 证券买入            600             44.2300         已成            0               0
09:32:49.000    210109930       10025           0102000002881293        300725          100 证券买入            100             121.0000        部分成交        0               0
09:32:49.000    206114428       10017           1812878                 600885          101 证券卖出            200             46.1400         部分成交        0               0
09:32:49.000    202106017       10016           1813022                 600556          101 证券卖出            200             20.2200         已成            0               0
09:32:49.000    202106018       10018           1813494                 603236          101 证券卖出            100             213.5500        部分成交        0               0
09:32:49.000    206114428       10017           1812879                 600885          101 证券卖出            100             46.1000         已成            0               0
09:32:49.000    206114429       10024           0102000002883028        300595          100 证券买入            100             63.5300         部分成交        0               0
09:32:49.000    202106018       10018           1814033                 603236          101 证券卖出            100             213.3400        部分成交        0               0
09:32:49.000    234109074       10019           1814247                 603659          101 证券卖出            100             110.8800        已成            0               0
09:32:49.000    202106019       10020           0103000003041872        002749          101 证券卖出            100             15.0000         已成            0               0
09:32:49.000    222118253       10021           1815647                 603876          101 证券卖出            2400            16.5800         已成            0               0
09:32:49.000    222118254       10026           1815571                 603613          100 证券买入            300             84.1900         已成            0               0
09:32:50.000    206114429       10024           0102000002888824        300595          100 证券买入            -300            63.5300         部撤            0               0
09:32:50.000    210109930       10025           0102000002888869        300725          100 证券买入            -100            121.0100        部撤            0               0
09:32:50.000    202106018       10018           1819928                 603236          101 证券卖出            200             213.3400        已成            0               0
09:32:54.000    226106214       10028           0104000002811492        002322          101 证券卖出            600             15.7800         已成            0               0
09:32:54.000    202106024       10030           1846435                 603236          101 证券卖出            300             213.0000        已成            0               0
09:32:54.000    230117237       10031           1847329                 603659          101 证券卖出            100             110.5500        已成            0               0
09:32:55.000    210109934       10033           WTD:1046000024          603613          100 证券买入            -300            84.2400         已撤            0               0
09:32:55.000    222118257       10027           WTD:1046000020          603876          101 证券卖出            -7300           16.6600         已撤            0               0
09:32:56.000    214114022       10034           0102000002937742        300595          100 证券买入            -800            63.5400         已撤            0               0
09:32:56.000    234109079       10032           0102000002937804        300725          100 证券买入            -600            121.0200        已撤            0               0
09:32:56.000    238115845       10029           1856487                 600885          101 证券卖出            700             46.1300         已成            0               0
09:33:00.000    238115856       10041           0104000002857234        002555          100 证券买入            1000            44.1200         部分成交        0               0
09:33:00.000    238115856       10041           0104000002857236        002555          100 证券买入            500             44.1300         已成            0               0
09:33:00.000    230117245       10039           1880427                 603876          101 证券卖出            200             16.6000         部分成交        0               0
09:33:00.000    230117245       10039           1880428                 603876          101 证券卖出            2100            16.5700         部分成交        0               0
09:33:00.000    230117245       10039           1880429                 603876          101 证券卖出            100             16.5700         已成            0               0
09:33:00.000    234109086       10040           1880557                 603613          100 证券买入            100             84.2300         已成            0               0
09:33:00.000    238115855       10036           WTD:1046000028          603236          101 证券卖出            -300            213.5400        已撤            0               0
09:33:00.000    222118266       10037           WTD:1046000029          603659          101 证券卖出            -100            111.0100        已撤            0               0
09:33:01.000    202106030       10042           0102000002988043        300595          100 证券买入            200             63.5600         已成            0               0
09:33:02.000    226106222       10038           0104000002881291        002322          101 证券卖出            -400            15.7600         已撤            0               0
09:33:03.000    230117246       10043           0102000003001467        300725          100 证券买入            -500            121.2600        已撤            0               0
09:33:03.000    234109085       10035           WTD:1046000027          600885          101 证券卖出            -600            46.3100         已撤            0               0
09:33:05.000    234109090       10045           1912498                 603613          100 证券买入            100             84.2900         已成            0               0
09:33:06.000    230117253       10044           0104000002910685        002322          101 证券卖出            600             15.7200         已成            0               0
09:33:25.000    214114057       10047           0102000003202301        300595          100 证券买入            200             63.5900         已成            0               0
09:33:26.000    222118292       10046           0102000003209983        300725          100 证券买入            -100            121.8700        已撤            0               0
09:33:30.000    202106056       10048           0104000003121189        002555          100 证券买入            100             44.2900         部分成交        0               0
09:33:30.000    202106056       10048           0104000003121191        002555          100 证券买入            389             44.3000         部分成交        0               0
09:33:30.000    202106056       10048           0104000003121193        002555          100 证券买入            200             44.3000         部分成交        0               0
09:33:30.000    202106056       10048           0104000003121195        002555          100 证券买入            300             44.3100         部分成交        0               0
09:33:30.000    202106056       10048           0104000003121197        002555          100 证券买入            100             44.3200         部分成交        0               0
09:33:30.000    202106056       10048           0104000003121199        002555          100 证券买入            11              44.3200         已成            0               0
09:33:32.000    206114475       10049           0102000003257526        300595          100 证券买入            100             63.6500         已成            0               0
09:33:35.000    230117285       10050           0104000003163931        002555          100 证券买入            100             44.2900         部分成交        0               0
09:33:35.000    230117285       10050           0104000003163933        002555          100 证券买入            100             44.2900         部分成交        0               0
09:33:35.000    230117285       10050           0104000003163950        002555          100 证券买入            200             44.3100         部分成交        0               0
09:33:35.000    230117285       10050           0104000003164267        002555          100 证券买入            100             44.3100         部分成交        0               0
09:33:36.000    230117285       10050           0104000003171107        002555          100 证券买入            100             44.3100         部分成交        0               0
09:33:36.000    230117285       10050           0104000003171356        002555          100 证券买入            300             44.3100         部分成交        0               0
09:33:36.000    230117285       10050           0104000003175118        002555          100 证券买入            100             44.3100         已成            0               0
09:33:37.000    206114480       10051           0102000003300957        300595          100 证券买入            100             63.7000         已成            0               0
09:33:40.000    206114487       10052           0102000003327054        300595          100 证券买入            100             63.8200         已成            0               0
09:33:45.000    226106258       10056           0104000003248424        002555          100 证券买入            589             44.3200         部分成交        0               0
09:33:45.000    226106258       10056           0104000003248426        002555          100 证券买入            311             44.3200         已成            0               0
09:33:45.000    230117301       10053           2159767                 603659          101 证券卖出            100             110.5800        已成            0               0
09:33:46.000    234109120       10054           2162860                 600885          101 证券卖出            200             45.8000         已成            0               0
09:33:47.000    210109982       10057           0102000003382337        300595          100 证券买入            -200            63.7200         已撤            0               0
09:33:48.000    222118315       10055           WTD:1046000038          603236          101 证券卖出            -100            211.5700        已撤            0               0
09:33:50.000    226106262       10058           2187462                 603876          101 证券卖出            300             16.6100         部分成交        0               0
09:33:50.000    226106262       10058           2187463                 603876          101 证券卖出            400             16.6000         部分成交        0               0
09:33:50.000    226106262       10058           2187464                 603876          101 证券卖出            200             16.5800         部分成交        0               0
09:33:50.000    226106262       10058           2187465                 603876          101 证券卖出            500             16.5800         已成            0               0
09:33:51.000    218112174       10060           0104000003299152        002555          100 证券买入            300             44.3700         已成            0               0
09:33:51.000    230117310       10059           2194943                 603659          101 证券卖出            100             110.5200        已成            0               0
09:33:53.000    238115916       10062           0102000003434164        300725          100 证券买入            -100            122.0300        已撤            0               0
09:33:53.000    222118323       10061           0102000003434210        300595          100 证券买入            -200            63.9300         已撤            0               0
09:33:55.000    230117315       10063           0104000003338595        002322          101 证券卖出            100             15.7300         已成            0               0
09:33:55.000    234109129       10064           2218106                 603876          101 证券卖出            500             16.5900         部分成交        0               0
09:33:55.000    234109129       10064           2218107                 603876          101 证券卖出            1200            16.5700         已成            0               0
09:33:56.000    234109130       10069           0104000003341272        002555          100 证券买入            748             44.4800         部分成交        0               0
09:33:56.000    234109130       10069           0104000003341274        002555          100 证券买入            152             44.4800         已成            0               0
09:33:56.000    230117316       10068           0102000003457100        300595          100 证券买入            100             64.0400         已成            0               0
09:33:56.000    214114091       10066           2219610                 603236          101 证券卖出            200             211.0000        已成            0               0
09:33:56.000    206114508       10065           2223164                 600885          101 证券卖出            1000            45.8200         已成            0               0
09:33:57.000    226106268       10067           WTD:1046000045          603659          101 证券卖出            -100            110.4800        已撤            0               0
09:34:01.000    210109992       10074           0104000003387217        002555          100 证券买入            148             44.4900         部分成交        0               0
09:34:01.000    210109992       10074           0104000003387219        002555          100 证券买入            100             44.5000         部分成交        0               0
09:34:01.000    210109992       10074           0104000003387221        002555          100 证券买入            400             44.5100         部分成交        0               0
09:34:01.000    210109992       10074           0104000003387223        002555          100 证券买入            252             44.5100         已成            0               0
09:34:01.000    214114097       10070           2250075                 603659          101 证券卖出            100             110.4800        已成            0               0
09:34:01.000    226106271       10072           2250773                 603236          101 证券卖出            100             210.7300        已成            0               0
09:34:02.000    222118335       10071           2258812                 600885          101 证券卖出            500             45.7900         已成            0               0
09:34:03.000    226106272       10075           0102000003517921        300725          100 证券买入            -200            122.4100        已撤            0               0
09:34:03.000    206114511       10073           WTD:1046000050          603876          101 证券卖出            -1800           16.5800         已撤            0               0
09:34:11.000    238115936       10076           2316981                 603613          100 证券买入            100             84.2400         已成            0               0
09:34:16.000    206114526       10077           2348280                 603659          101 证券卖出            200             110.4100        已成            0               0
09:34:16.000    226106289       10079           2348888                 603613          100 证券买入            100             84.2800         已成            0               0
09:34:17.000    210110000       10078           0102000003642165        300595          100 证券买入            -300            64.1000         已撤            0               0
09:34:21.000    222118350       10081           0102000003672831        300595          100 证券买入            500             64.2700         已成            0               0
09:34:22.000    218112195       10080           2381485                 603659          101 证券卖出            100             110.0900        已成            0               0
09:34:26.000    206114540       10083           0102000003712767        300595          100 证券买入            100             64.2500         已成            0               0
09:34:26.000    238115952       10082           2405152                 603613          100 证券买入            100             84.3500         已成            0               0
09:34:31.000    234109158       10087           2436612                 603613          100 证券买入            100             84.3800         已成            0               0
09:34:32.000    218112212       10085           0102000003757178        300595          100 证券买入            500             64.2500         已成            0               0
09:34:32.000    230117355       10086           0102000003759367        300725          100 证券买入            -100            123.0300        已撤            0               0
09:34:33.000    214114134       10084           WTD:1046000057          603659          101 证券卖出            -100            110.5800        已撤            0               0
09:34:36.000    238115968       10089           0102000003792850        300595          100 证券买入            300             64.2700         部分成交        0               0
09:34:36.000    238115968       10089           0102000003792852        300595          100 证券买入            100             64.3200         已成            0               0
09:34:39.000    206114559       10088           WTD:1046000060          603659          101 证券卖出            -600            110.5600        已撤            0               0
09:34:41.000    230117375       10090           0102000003831386        300595          100 证券买入            300             64.3200         部分成交        0               0
09:34:41.000    234109171       10091           0102000003831389        300725          100 证券买入            100             123.4400        已成            0               0
09:34:42.000    230117375       10090           0102000003836546        300595          100 证券买入            200             64.3500         已成            0               0
09:34:47.000    234109190       10092           2520272                 603659          101 证券卖出            100             109.7200        已成            0               0
09:34:47.000    202106132       10093           2521462                 600885          101 证券卖出            100             45.2800         已成            0               0
09:34:52.000    218112247       10097           0102000003910347        300595          100 证券买入            300             64.3900         已成            0               0
09:34:52.000    226106340       10095           2546825                 600885          101 证券卖出            100             45.4000         部分成交        0               0
09:34:52.000    226106340       10095           2546826                 600885          101 证券卖出            200             45.3900         已成            0               0
09:34:52.000    202106139       10096           2547407                 603659          101 证券卖出            100             110.1000        已成            0               0
09:34:53.000    206114582       10094           0102000003920159        300725          100 证券买入            -200            123.1000        已撤            0               0
09:34:57.000    238115999       10103           0104000003842531        002555          100 证券买入            100             44.4000         部分成交        0               0
09:34:57.000    206114599       10099           2573756                 600885          101 证券卖出            500             45.4600         已成            0               0
09:34:57.000    218112254       10100           2574570                 603236          101 证券卖出            100             210.7200        部分成交        0               0
09:34:57.000    218112254       10100           2574571                 603236          101 证券卖出            100             210.5600        部分成交        0               0
09:34:57.000    218112254       10100           2574572                 603236          101 证券卖出            300             210.5500        已成            0               0
09:34:57.000    234109209       10102           2574951                 603876          101 证券卖出            200             16.6300         部分成交        0               0
09:34:57.000    234109209       10102           2574952                 603876          101 证券卖出            100             16.6100         已成            0               0
09:34:57.000    238115999       10103           0104000003845803        002555          100 证券买入            100             44.4000         部分成交        0               0
09:34:57.000    214114183       10105           0102000003954845        300725          100 证券买入            200             123.1400        已成            0               0
09:34:57.000    202106150       10106           2576294                 603613          100 证券买入            400             84.4900         已成            0               0
09:34:59.000    222118419       10101           0104000003858345        002322          101 证券卖出            700             15.7400         已成            0               0
09:35:00.000    238115999       10103           0104000003863854        002555          100 证券买入            -1300           44.4000         部撤            0               0
09:35:00.000    210110055       10104           0102000003972495        300595          100 证券买入            -300            64.3800         已撤            0               0
09:35:00.000    202106149       10098           WTD:1046000066          603659          101 证券卖出            -800            110.0900        已撤            0               0
09:35:02.000    234109230       10107           0104000003884949        300475          101 证券卖出            100             8.8300          部分成交        0               0
09:35:02.000    230117416       10111           0102000003995337        300595          100 证券买入            500             64.4400         已成            0               0
09:35:02.000    234109232       10112           0102000003995340        300725          100 证券买入            100             123.4200        部分成交        0               0
09:35:02.000    234109232       10112           0102000003995342        300725          100 证券买入            100             123.5600        已成            0               0
09:35:02.000    238116021       10108           2601868                 603876          101 证券卖出            1100            16.6400         已成            0               0
09:35:02.000    202106165       10109           2602483                 600885          101 证券卖出            100             45.3600         部分成交        0               0
09:35:02.000    202106165       10109           2602484                 600885          101 证券卖出            100             45.3600         已成            0               0
09:35:02.000    226106376       10110           2603549                 603236          101 证券卖出            200             210.6800        部分成交        0               0
09:35:02.000    226106376       10110           2603550                 603236          101 证券卖出            100             210.6700        已成            0               0
09:35:03.000    234109233       10114           2604462                 603613          100 证券买入            300             84.5100         部分成交        0               0
09:35:03.000    234109233       10114           2604463                 603613          100 证券买入            100             84.5300         已成            0               0
09:35:03.000    230117417       10113           WTD:1046000075          603238          100 证券买入            -100            40.3200         已撤            0               0
09:35:04.000    234109230       10107           0104000003900165        300475          101 证券卖出            100             8.8300          已成            0               0
09:35:05.000    238116023       10115           0104000003910197        002555          100 证券买入            -800            44.5200         已撤            0               0
09:35:09.000    226106390       10116           0104000003939527        002555          100 证券买入            100             44.5700         部分成交        0               0
09:35:11.000    226106390       10116           0104000003958873        002555          100 证券买入            -200            44.5700         部撤            0               0
09:35:21.000    234109295       10117           WTD:1046000078          603876          101 证券卖出            -300            16.6200         已撤            0               0
09:35:23.000    234109325       10119           2722766                 603876          101 证券卖出            1000            16.5900         部分成交        0               0
09:35:23.000    230117497       10118           2722890                 600885          101 证券卖出            200             45.2800         已成            0               0
09:35:23.000    234109325       10119           2722767                 603876          101 证券卖出            500             16.5900         部分成交        0               0
09:35:23.000    234109325       10119           2722768                 603876          101 证券卖出            500             16.5900         已成            0               0
09:35:23.000    206114710       10120           0102000004178022        300725          100 证券买入            -100            123.1400        已撤            0               0
09:35:28.000    210110175       10123           0104000004101750        002555          100 证券买入            800             44.6400         部分成交        0               0
09:35:28.000    210110175       10123           0104000004101752        002555          100 证券买入            1000            44.6400         已成            0               0
09:35:28.000    214114314       10124           0102000004215062        300725          100 证券买入            100             123.1300        部分成交        0               0
09:35:28.000    214114314       10124           0102000004215064        300725          100 证券买入            100             123.1300        已成            0               0
09:35:28.000    218112396       10122           2756364                 603659          101 证券卖出            100             109.8100        已成            0               0
09:35:28.000    214114311       10121           2756276                 603876          101 证券卖出            1000            16.5800         部分成交        0               0
09:35:28.000    214114311       10121           2756277                 603876          101 证券卖出            500             16.5800         部分成交        0               0
09:35:28.000    214114311       10121           2756278                 603876          101 证券卖出            500             16.5700         已成            0               0
09:35:33.000    202106295       10126           0102000004252372        300595          100 证券买入            200             64.0600         已成            0               0
09:35:33.000    238116172       10128           0104000004141684        002555          100 证券买入            800             44.6500         部分成交        0               0
09:35:33.000    238116172       10128           0104000004141686        002555          100 证券买入            300             44.6900         部分成交        0               0
09:35:33.000    238116172       10128           0104000004141688        002555          100 证券买入            100             44.7000         部分成交        0               0
09:35:33.000    238116172       10128           0104000004141690        002555          100 证券买入            500             44.7000         部分成交        0               0
09:35:33.000    238116172       10128           0104000004141692        002555          100 证券买入            300             44.7000         部分成交        0               0
09:35:33.000    238116172       10128           0104000004141694        002555          100 证券买入            100             44.7000         部分成交        0               0
09:35:33.000    238116172       10128           0104000004141696        002555          100 证券买入            100             44.7000         部分成交        0               0
09:35:33.000    238116172       10128           0104000004141698        002555          100 证券买入            1400            44.7000         已成            0               0
09:35:35.000    206114761       10127           0102000004270336        300725          100 证券买入            -100            123.2500        已撤            0               0
09:35:36.000    234109365       10125           WTD:1046000084          603659          101 证券卖出            -200            109.7300        已撤            0               0
09:35:38.000    218112434       10130           0102000004290721        300595          100 证券买入            100             64.0000         已成            0               0
09:35:38.000    230117573       10131           0102000004291410        300725          100 证券买入            100             123.1200        已成            0               0
09:35:38.000    214114356       10129           2813149                 603659          101 证券卖出            100             109.6000        已成            0               0
09:35:43.000    230117591       10134           0102000004328815        300725          100 证券买入            100             123.1100        部分成交        0               0
09:35:43.000    230117591       10134           0102000004328817        300725          100 证券买入            300             123.1200        已成            0               0
09:35:44.000    202106330       10132           2842704                 603659          101 证券卖出            100             109.6200        已成            0               0
09:35:44.000    226106561       10133           0102000004335502        300595          100 证券买入            -100            64.0600         已撤            0               0
09:35:48.000    214114392       10137           0102000004362773        300595          100 证券买入            100             64.0100         部分成交        0               0
09:35:48.000    214114392       10137           0102000004362775        300595          100 证券买入            100             64.0400         已成            0               0
09:35:48.000    202106348       10135           2865475                 603659          101 证券卖出            100             109.6300        已成            0               0
09:35:48.000    210110258       10136           2865788                 603876          101 证券卖出            300             16.6100         已成            0               0
09:35:50.000    238116224       10138           0102000004376432        300725          100 证券买入            -200            123.1200        已撤            0               0
09:35:53.000    238116241       10141           0102000004398591        300725          100 证券买入            100             123.2300        部分成交        0               0
09:35:53.000    238116241       10141           0102000004398593        300725          100 证券买入            100             123.2300        已成            0               0
09:35:54.000    218112488       10143           0102000004399171        300595          100 证券买入            100             64.1100         已成            0               0
09:35:53.000    206114840       10139           2890275                 600885          101 证券卖出            300             45.4000         部分成交        0               0
09:35:53.000    206114840       10139           2890276                 600885          101 证券卖出            100             45.4000         已成            0               0
09:35:54.000    202106362       10142           2891056                 603238          100 证券买入            100             40.4200         已成            0               0
09:35:55.000    210110276       10140           WTD:1046000090          603659          101 证券卖出            -500            109.5400        已撤            0               0
09:35:59.000    206114859       10145           0102000004438391        300595          100 证券买入            200             64.0000         已成            0               0
09:35:59.000    218112502       10146           0102000004439241        300725          100 证券买入            100             123.3000        部分成交        0               0
09:35:59.000    218112502       10146           0102000004441050        300725          100 证券买入            100             123.3000        已成            0               0
09:35:59.000    222118673       10147           2918333                 603238          100 证券买入            500             40.3800         已成            0               0
09:35:59.000    202106374       10144           2920045                 603659          101 证券卖出            100             109.3100        已成            0               0
09:36:04.000    226106627       10148           2944750                 603876          101 证券卖出            100             16.5700         部分成交        0               0
09:36:04.000    226106627       10148           2945117                 603876          101 证券卖出            1000            16.5600         部分成交        0               0
09:36:04.000    226106627       10148           2945565                 603876          101 证券卖出            200             16.5600         部分成交        0               0
09:36:04.000    234109468       10149           2945392                 600885          101 证券卖出            100             45.4000         已成            0               0
09:36:04.000    238116271       10150           2945393                 603659          101 证券卖出            500             109.2400        已成            0               0
09:36:06.000    226106627       10148           WTD:1046000096          603876          101 证券卖出            -400            16.5600         部撤            0               0
09:36:36.000    218112619       10151           WTD:1046000100          603659          101 证券卖出            -200            109.5800        已撤            0               0
09:36:42.000    214114558       10152           WTD:1046000102          603659          101 证券卖出            -800            109.5500        已撤            0               0
09:36:44.000    230117816       10153           3191808                 603876          101 证券卖出            300             16.5600         已成            0               0
09:36:44.000    234109615       10154           3191932                 603659          101 证券卖出            100             109.0300        部分成交        0               0
09:36:44.000    234109615       10154           3191933                 603659          101 证券卖出            200             109.0200        部分成交        0               0
09:36:44.000    234109615       10154           3191934                 603659          101 证券卖出            100             109.0100        部分成交        0               0
09:36:44.000    234109615       10154           3191935                 603659          101 证券卖出            100             109.0100        已成            0               0
09:36:50.000    214114610       10156           3236074                 603876          101 证券卖出            300             16.5500         部分成交        0               0
09:36:51.000    210110479       10155           WTD:1046000106          603659          101 证券卖出            -800            108.9100        已撤            0               0
09:36:51.000    214114610       10156           WTD:1046000107          603876          101 证券卖出            -300            16.5500         部撤            0               0
09:36:54.000    210110497       10157           3257342                 603876          101 证券卖出            200             16.5300         部分成交        0               0
09:36:54.000    210110497       10157           3257343                 603876          101 证券卖出            100             16.5200         部分成交        0               0
09:36:54.000    214114625       10158           3257394                 603659          101 证券卖出            100             108.5200        已成            0               0
09:36:54.000    210110497       10157           3257344                 603876          101 证券卖出            100             16.5200         部分成交        0               0
09:36:54.000    210110497       10157           3257345                 603876          101 证券卖出            100             16.5200         已成            0               0
09:36:56.000    234109660       10159           0102000004908983        300595          100 证券买入            -200            63.2900         已撤            0               0
09:36:59.000    238116491       10161           0102000004935749        300595          100 证券买入            100             63.7400         已成            0               0
09:36:59.000    234109676       10160           3287151                 603659          101 证券卖出            200             108.8700        已成            0               0
09:37:06.000    214114651       10162           WTD:1046000113          603659          101 证券卖出            -600            108.9900        已撤            0               0
09:37:44.000    230117982       10163           3541433                 600885          101 证券卖出            500             45.9100         已成            0               0
09:37:49.000    234109774       10164           3565974                 603659          101 证券卖出            100             109.7000        已成            0               0
09:37:54.000    202106676       10166           3591094                 603238          100 证券买入            200             40.1500         已成            0               0
09:37:56.000    234109779       10165           0102000005360720        300595          100 证券买入            -200            64.1900         已撤            0               0
09:37:59.000    214114761       10167           3615251                 603613          100 证券买入            100             83.8700         已成            0               0
09:38:04.000    218112854       10168           3641241                 603659          101 证券卖出            100             109.6300        部分成交        0               0
09:38:04.000    218112854       10168           3641242                 603659          101 证券卖出            200             109.6000        部分成交        0               0
09:38:04.000    218112854       10168           3641243                 603659          101 证券卖出            100             109.6000        已成            0               0
09:38:29.000    202106719       10169           0102000005575610        300595          100 证券买入            100             64.4100         已成            0               0
09:38:39.000    218112890       10170           0102000005634557        300595          100 证券买入            100             64.2500         已成            0               0
09:39:21.000    222119097       10171           0104000005739981        300475          101 证券卖出            100             8.7800          已成            0               0
09:39:21.000    234109869       10173           3974043                 603238          100 证券买入            100             39.9500         部分成交        0               0
09:39:21.000    234109869       10173           3974044                 603238          100 证券买入            100             39.9500         部分成交        0               0
09:39:21.000    234109869       10173           3974045                 603238          100 证券买入            100             39.9500         部分成交        0               0
09:39:21.000    234109869       10173           3974046                 603238          100 证券买入            100             39.9500         已成            0               0
09:39:23.000    230118082       10172           0102000005892878        300595          100 证券买入            -500            64.2100         已撤            0               0
09:39:26.000    202106767       10175           3993363                 600885          101 证券卖出            100             45.9500         已成            0               0
09:39:26.000    234109875       10177           3993700                 603238          100 证券买入            100             39.9100         已成            0               0
09:39:28.000    206115282       10176           0102000005919179        300595          100 证券买入            100             64.3200         已成            0               0
09:39:32.000    210110706       10180           0102000005936805        300595          100 证券买入            300             64.2700         已成            0               0
09:39:31.000    234109878       10178           4013022                 600885          101 证券卖出            100             45.9600         已成            0               0
09:39:32.000    218112936       10174           0104000005796238        300475          101 证券卖出            -100            8.7700          已撤            0               0
09:39:35.000    218112943       10181           4026495                 603613          100 证券买入            100             83.6900         已成            0               0
09:39:36.000    238116698       10179           0104000005815612        300475          101 证券卖出            -200            8.7700          已撤            0               0
09:39:37.000    238116701       10183           0104000005819823        300475          101 证券卖出            300             8.7600          已成            0               0
09:39:37.000    218112947       10184           0102000005962853        300595          100 证券买入            300             64.2100         部分成交        0               0
09:39:37.000    218112947       10184           0102000005962855        300595          100 证券买入            100             64.2700         部分成交        0               0
09:39:37.000    218112947       10184           0102000005962857        300595          100 证券买入            100             64.2700         已成            0               0
09:39:37.000    222119102       10185           4033392                 603238          100 证券买入            100             39.9700         已成            0               0
09:39:37.000    234109881       10182           4033056                 603876          101 证券卖出            700             16.4800         已成            0               0
09:39:37.000    202106774       10186           4033764                 603613          100 证券买入            100             83.6700         已成            0               0
09:39:42.000    214114844       10188           0102000005988588        300595          100 证券买入            600             64.2100         已成            0               0
09:39:42.000    210110714       10187           4052298                 603236          101 证券卖出            100             213.9800        已成            0               0
09:39:42.000    234109885       10189           4052593                 603613          100 证券买入            300             83.6600         已成            0               0
09:39:47.000    238116704       10191           0102000006014017        300595          100 证券买入            200             64.2000         部分成交        0               0
09:39:47.000    238116704       10191           0102000006014019        300595          100 证券买入            100             64.2000         已成            0               0
09:39:48.000    234109888       10190           4074492                 603236          101 证券卖出            300             213.9900        已成            0               0
09:39:49.000    210110718       10192           WTD:1046000131          603613          100 证券买入            -100            83.6800         已撤            0               0
09:39:52.000    210110721       10194           0102000006040022        300595          100 证券买入            100             64.1900         部分成交        0               0
09:39:52.000    210110721       10194           0102000006040024        300595          100 证券买入            19              64.2000         部分成交        0               0
09:39:52.000    210110721       10194           0102000006040026        300595          100 证券买入            181             64.2000         已成            0               0
09:39:53.000    206115292       10193           4092753                 603613          100 证券买入            300             83.8200         已成            0               0
09:39:57.000    214114853       10197           0102000006065529        300725          100 证券买入            100             122.7800        已成            0               0
09:39:57.000    226107047       10198           4110831                 603238          100 证券买入            500             39.9500         已成            0               0
09:39:58.000    210110724       10196           0102000006072384        300595          100 证券买入            200             64.0400         已成            0               0
09:40:00.000    202106785       10195           WTD:1046000134          603659          101 证券卖出            -100            111.2600        已撤            0               0
09:40:02.000    234109902       10202           0102000006096572        300725          100 证券买入            100             122.9100        已成            0               0
09:40:02.000    202106792       10200           4132701                 603876          101 证券卖出            100             16.4800         已成            0               0
09:40:03.000    230118099       10201           0102000006100740        300595          100 证券买入            200             64.0500         已成            0               0
09:40:06.000    238116709       10199           WTD:1046000137          603659          101 证券卖出            -100            111.1400        已撤            0               0
09:40:23.000    222119136       10203           0102000006223328        300595          100 证券买入            -300            64.5400         已撤            0               0
09:40:27.000    210110766       10204           4239929                 603876          101 证券卖出            100             16.5000         已成            0               0
09:40:28.000    202106824       10205           0102000006261729        300595          100 证券买入            200             64.6600         已成            0               0
09:40:32.000    222119161       10206           4264628                 603876          101 证券卖出            2100            16.5200         已成            0               0
09:40:33.000    226107099       10207           0102000006293650        300595          100 证券买入            500             64.7600         部分成交        0               0
09:40:35.000    226107099       10207           0102000006307506        300595          100 证券买入            -500            64.7600         部撤            0               0
09:40:38.000    202106859       10208           4287187                 603876          101 证券卖出            1200            16.5200         已成            0               0
09:40:38.000    234109965       10212           4288374                 603238          100 证券买入            100             40.1800         部分成交        0               0
09:40:38.000    234109965       10212           4288375                 603238          100 证券买入            100             40.2100         已成            0               0
09:40:38.000    214114914       10210           0102000006329219        300595          100 证券买入            200             64.8300         部分成交        0               0
09:40:41.000    214114914       10210           0102000006346025        300595          100 证券买入            -300            64.8300         部撤            0               0
09:40:41.000    226107114       10211           0102000006346366        300725          100 证券买入            -100            123.3200        已撤            0               0
09:40:43.000    210110802       10209           0104000006199932        300475          101 证券卖出            100             8.7700          部分成交        0               0
09:40:43.000    222119188       10213           0102000006359669        300595          100 证券买入            300             64.8100         已成            0               0
09:40:44.000    210110802       10209           0104000006205072        300475          101 证券卖出            -100            8.7700          部撤            0               0
09:40:44.000    226107127       10214           0102000006363764        300725          100 证券买入            -200            123.3500        已撤            0               0
09:40:44.000    230118171       10215           WTD:1046000144          603238          100 证券买入            -100            40.0600         已撤            0               0
09:40:49.000    234109993       10218           0102000006393015        300725          100 证券买入            100             123.3700        已成            0               0
09:40:50.000    210110831       10216           0104000006238838        300475          101 证券卖出            -100            8.7600          已撤            0               0
09:40:50.000    218113056       10217           WTD:1046000146          603238          100 证券买入            -100            40.0700         已撤            0               0
09:40:53.000    214114954       10222           4350832                 603238          100 证券买入            100             40.1500         已成            0               0
09:40:53.000    202106895       10220           4350872                 603659          101 证券卖出            100             111.4500        已成            0               0
09:40:54.000    226107150       10223           4354918                 603613          100 证券买入            100             83.9300         已成            0               0
09:40:58.000    206115392       10224           4372027                 603238          100 证券买入            100             40.1400         已成            0               0
09:40:58.000    210110854       10225           4372257                 603613          100 证券买入            200             83.8200         已成            0               0
09:40:59.000    206115378       10219           0104000006289726        300475          101 证券卖出            -100            8.7700          已撤            0               0
09:40:59.000    210110842       10221           0102000006449842        300725          100 证券买入            -100            123.3600        已撤            0               0
09:41:28.000    202106943       10226           4508018                 603613          100 证券买入            100             83.6000         已成            0               0
09:41:33.000    210110894       10227           4527802                 603613          100 证券买入            100             83.5900         已成            0               0
09:41:38.000    238116847       10228           4545220                 603613          100 证券买入            100             83.5100         已成            0               0
09:41:43.000    202106956       10229           4562788                 603613          100 证券买入            200             83.5000         已成            0               0
09:41:48.000    238116856       10230           4580532                 603613          100 证券买入            100             83.3800         部分成交        0               0
09:41:48.000    238116856       10230           4580533                 603613          100 证券买入            100             83.3800         已成            0               0
09:41:53.000    218113129       10231           4596886                 603613          100 证券买入            200             83.3700         已成            0               0
09:41:58.000    230118269       10232           4614859                 603659          101 证券卖出            300             111.5600        已成            0               0
09:41:58.000    214115021       10233           4615162                 603613          100 证券买入            300             83.3700         已成            0               0
09:41:58.000    230118270       10235           4615522                 603238          100 证券买入            100             40.1600         已成            0               0
09:41:59.000    218113133       10234           0102000006791487        300725          100 证券买入            -400            122.8400        已撤            0               0
09:42:03.000    226107215       10237           4636742                 603613          100 证券买入            100             83.3500         已成            0               0
09:42:06.000    222119280       10236           WTD:1046000162          603659          101 证券卖出            -200            111.4600        已撤            0               0
09:42:26.000    222119306       10238           0102000006945734        300725          100 证券买入            -200            122.6200        已撤            0               0
09:42:29.000    202106984       10239           0102000006960969        300725          100 证券买入            -200            122.6500        已撤            0               0
09:42:35.000    210110946       10240           0102000006989141        300725          100 证券买入            -300            122.7300        已撤            0               0
09:42:41.000    230118309       10241           0102000007015465        300725          100 证券买入            -300            123.1900        已撤            0               0
09:42:44.000    206115501       10242           0102000007028570        300725          100 证券买入            -300            123.2000        已撤            0               0
09:42:50.000    226107249       10243           0102000007057056        300725          100 证券买入            -700            123.3300        已撤            0               0
09:42:53.000    202107000       10245           0102000007072663        300725          100 证券买入            600             123.6000        已成            0               0
09:42:54.000    238116918       10244           4820269                 603659          101 证券卖出            200             111.6100        已成            0               0
09:42:59.000    238116924       10247           0102000007095261        300725          100 证券买入            100             123.6400        部分成交        0               0
09:42:59.000    238116924       10247           0102000007095263        300725          100 证券买入            100             123.6400        部分成交        0               0
09:42:59.000    230118321       10246           4835312                 603659          101 证券卖出            100             111.6500        部分成交        0               0
09:42:59.000    230118321       10246           4835313                 603659          101 证券卖出            200             111.6400        部分成交        0               0
09:42:59.000    230118321       10246           4835314                 603659          101 证券卖出            100             111.6400        已成            0               0
09:42:59.000    202107002       10248           4835531                 603238          100 证券买入            200             40.2000         已成            0               0
09:43:04.000    238116924       10247           0102000007122585        300725          100 证券买入            100             123.6400        部分成交        0               0
09:43:05.000    238116924       10247           0102000007125844        300725          100 证券买入            300             123.6400        已成            0               0
09:43:44.000    222119364       10249           0102000007294720        300725          100 证券买入            -900            122.9600        已撤            0               0
09:43:59.000    238116965       10250           0102000007356809        300725          100 证券买入            -200            123.0300        已撤            0               0
09:44:24.000    234110173       10251           0104000007260436        300475          101 证券卖出            200             8.7700          已成            0               0
09:44:35.000    202107062       10252           0102000007514291        300725          100 证券买入            -100            123.0500        已撤            0               0
09:44:36.000    218113242       10253           WTD:1046000168          603659          101 证券卖出            -200            111.6500        已撤            0               0
09:44:39.000    206115573       10254           0104000007325009        300475          101 证券卖出            200             8.7800          已成            0               0
09:44:44.000    222119394       10256           5165613                 603613          100 证券买入            100             83.8300         部分成交        0               0
09:44:44.000    222119394       10256           5165614                 603613          100 证券买入            100             83.8300         已成            0               0
09:44:44.000    218113248       10255           5165637                 603659          101 证券卖出            100             111.2000        已成            0               0
09:44:49.000    214115139       10257           0102000007570697        300725          100 证券买入            100             122.9900        部分成交        0               0
09:44:49.000    214115139       10257           0102000007570699        300725          100 证券买入            100             122.9900        部分成交        0               0
09:44:49.000    214115139       10257           0102000007570701        300725          100 证券买入            100             122.9900        已成            0               0
09:44:56.000    210111035       10258           WTD:1046000172          603613          100 证券买入            -200            83.7000         已撤            0               0
09:44:59.000    218113260       10260           0104000007411905        300475          101 证券卖出            100             8.7800          已成            0               0
09:44:59.000    210111039       10259           5212919                 603659          101 证券卖出            100             111.1300        已成            0               0
09:44:59.000    226107334       10261           5213392                 603613          100 证券买入            100             83.8700         已成            0               0
09:45:29.000    214115193       10262           0104000007576400        300475          101 证券卖出            -1200           8.8100          已撤            0               0
09:45:39.000    218113326       10263           0104000007627179        300475          101 证券卖出            100             8.7900          已成            0               0
09:45:59.000    210111142       10264           0104000007732257        300475          101 证券卖出            -400            8.8100          已撤            0               0
09:48:46.000    218113592       10265           0101000008780789        300255          101 证券卖出            2600            7.2100          已成            0               0
09:48:51.000    226107687       10266           0101000008798640        300255          101 证券卖出            1500            7.2200          已成            0               0
09:48:56.000    234110512       10267           0101000008819300        300255          101 证券卖出            800             7.2300          部分成交        0               0
09:48:56.000    234110512       10267           0101000008819302        300255          101 证券卖出            100             7.2300          已成            0               0
09:49:06.000    234110518       10268           0101000008859079        300255          101 证券卖出            200             7.2300          已成            0               0
09:49:11.000    210111373       10269           0101000008882999        300255          101 证券卖出            500             7.2300          已成            0               0
09:49:16.000    238117364       10270           0101000008904407        300255          101 证券卖出            300             7.2300          已成            0               0
09:49:22.000    238117367       10271           0101000008928733        300255          101 证券卖出            200             7.2300          已成            0               0
09:49:26.000    234110533       10272           0101000008943117        300255          101 证券卖出            100             7.2300          已成            0               0
09:49:31.000    226107711       10273           0101000008962490        300255          101 证券卖出            100             7.2300          已成            0               0
09:49:36.000    226107715       10274           0101000008980629        300255          101 证券卖出            100             7.2300          已成            0               0
09:49:56.000    202107427       10275           6246685                 603613          100 证券买入            100             83.4600         已成            0               0
09:50:51.000    230118825       10276           6427423                 603613          100 证券买入            100             84.0300         已成            0               0
09:51:01.000    230118833       10277           0102000009364763        300725          100 证券买入            100             123.3100        已成            0               0
09:51:51.000    238117492       10278           6602420                 603659          101 证券卖出            100             110.5500        已成            0               0
09:51:57.000    218113741       10279           6617089                 603659          101 证券卖出            100             110.8600        已成            0               0
09:52:03.000    214115600       10280           0102000009615104        300725          100 证券买入            -100            122.7200        已撤            0               0
09:52:46.000    226107856       10281           6760464                 603659          101 证券卖出            100             110.6200        已成            0               0
09:52:56.000    202107565       10282           6792920                 603659          101 证券卖出            200             110.7100        已成            0               0
09:53:01.000    218113782       10283           6809259                 603659          101 证券卖出            100             110.6400        已成            0               0
09:53:41.000    210111576       10284           6943796                 603659          101 证券卖出            100             110.6200        已成            0               0
09:53:46.000    234110731       10285           6958807                 603659          101 证券卖出            100             110.5000        已成            0               0
09:54:29.000    202107631       10286           0102000010215999        300725          100 证券买入            -100            121.4200        已撤            0               0
09:54:32.000    202107635       10287           0102000010227626        300725          100 证券买入            -100            121.3400        已撤            0               0
09:54:37.000    214115700       10288           0102000010245571        300725          100 证券买入            100             121.4800        已成            0               0
09:54:47.000    218113863       10289           0102000010287597        300725          100 证券买入            100             121.3900        已成            0               0
09:54:56.000    222119982       10290           0102000010324143        300725          100 证券买入            100             121.2800        已成            0               0
09:55:01.000    214115719       10291           7209729                 603613          100 证券买入            100             83.6600         已成            0               0
09:55:16.000    234110789       10292           7269526                 603659          101 证券卖出            100             111.2900        已成            0               0
09:55:21.000    206116208       10293           7291418                 603659          101 证券卖出            100             111.2700        已成            0               0
09:55:31.000    202107687       10294           7329162                 603659          101 证券卖出            100             110.8900        已成            0               0
09:55:36.000    222120026       10295           7347862                 603659          101 证券卖出            100             110.7800        已成            0               0
09:55:41.000    214115756       10296           7367961                 603613          100 证券买入            100             83.5000         已成            0               0
09:55:46.000    218113923       10298           0102000010561773        300725          100 证券买入            100             121.2000        已成            0               0
09:55:46.000    230119039       10297           7387932                 603659          101 证券卖出            100             110.8900        已成            0               0
09:55:46.000    222120040       10299           7388117                 603613          100 证券买入            100             83.3700         部分成交        0               0
09:55:46.000    222120040       10299           7388118                 603613          100 证券买入            100             83.3700         部分成交        0               0
09:55:46.000    222120040       10299           7388119                 603613          100 证券买入            200             83.4600         已成            0               0
09:55:56.000    210111694       10300           0102000010609233        300725          100 证券买入            100             121.2800        已成            0               0
09:55:57.000    214115774       10301           7426433                 603613          100 证券买入            100             83.3600         部分成交        0               0
09:55:57.000    214115774       10301           7426434                 603613          100 证券买入            100             83.4400         已成            0               0
09:56:51.000    218113976       10302           7620181                 603659          101 证券卖出            100             110.9200        已成            0               0
09:56:57.000    238117723       10303           7635256                 603659          101 证券卖出            100             111.0100        已成            0               0
09:56:57.000    214115824       10304           7635504                 603613          100 证券买入            100             83.3800         已成            0               0
09:57:04.000    206116294       10305           WTD:1046000197          603659          101 证券卖出            -100            111.2500        已撤            0               0
09:57:27.000    230119116       10307           7737259                 603613          100 证券买入            100             83.4000         已成            0               0
09:57:27.000    226108090       10306           7737331                 603659          101 证券卖出            100             111.0000        已成            0               0
09:57:57.000    230119130       10309           0102000011141865        300725          100 证券买入            100             121.3000        部分成交        0               0
09:57:57.000    230119130       10309           0102000011141867        300725          100 证券买入            100             121.3100        已成            0               0
09:57:57.000    222120144       10308           7827104                 603659          101 证券卖出            100             111.0900        已成            0               0
09:58:02.000    206116328       10311           0102000011161303        300725          100 证券买入            200             121.2800        已成            0               0
09:58:02.000    210111800       10312           7840360                 603613          100 证券买入            100             83.4000         部分成交        0               0
09:58:02.000    210111800       10312           7840361                 603613          100 证券买入            100             83.4000         已成            0               0
09:58:02.000    238117757       10310           7840282                 603659          101 证券卖出            100             111.0000        已成            0               0
09:59:35.000    206116375       10313           0102000011517237        300725          100 证券买入            -200            120.8800        已撤            0               0
09:59:38.000    218114076       10314           0102000011526615        300725          100 证券买入            -100            120.9900        已撤            0               0
09:59:44.000    226108171       10315           0102000011549490        300725          100 证券买入            -100            121.0300        已撤            0               0
09:59:47.000    206116392       10316           8136573                 603613          100 证券买入            200             83.2300         已成            0               0
09:59:50.000    210111882       10317           0102000011573368        300725          100 证券买入            -100            121.0800        已撤            0               0
09:59:59.000    234111017       10318           0102000011606135        300725          100 证券买入            -100            121.0500        已撤            0               0
10:00:02.000    238117824       10319           0104000011025634        300475          101 证券卖出            1100            8.8400          已成            0               0
10:00:49.000    234111138       10320           WTD:1046000205          603613          100 证券买入            -200            83.5200         已撤            0               0
10:00:53.000    210112059       10321           0102000011868921        300725          100 证券买入            500             121.1100        已成            0               0
10:00:55.000    206116559       10322           WTD:1046000207          603613          100 证券买入            -100            83.7300         已撤            0               0
10:00:57.000    218114243       10323           8348955                 603613          100 证券买入            100             83.7400         已成            0               0
10:03:40.000    226108827       10324           8810151                 603613          100 证券买入            100             83.1600         已成            0               0
10:06:59.000    206114045       10001           WTD:1046000001          601818          100 证券买入            -100            3.6000          已撤            0               0
