时间            委托编号        委托标识        成交编号                证券代码        交易业务                成交数量        成交价格        委托状态        汇总成交        汇总撤单
09:30:18.000    226039539       10002           0101000000939506        000403          101 证券卖出            32              45.3000         已成            0               0
09:32:07.000    206046712       10001           WTD:1046000001          601818          100 证券买入            -100            3.6000          已撤            0               0
09:32:40.000    218044889       10003           0103000002329422        002322          101 证券卖出            700             15.0300         已成            0               0
09:32:40.000    210043169       10007           0102000002095488        300363          100 证券买入            500             32.3900         已成            0               0
09:32:41.000    234042327       10005           0101000002044626        002937          100 证券买入            -1800           15.8100         已撤            0               0
09:32:41.000    238049308       10006           0101000002044690        300220          100 证券买入            -300            30.8800         已撤            0               0
09:32:43.000    222050694       10004           0104000002258651        002392          100 证券买入            -10700          4.7800          已撤            0               0
09:32:44.000    218044890       10008           0102000002120019        300755          100 证券买入            3000            28.8200         部分成交        0               0
09:32:44.000    218044890       10008           0102000002120107        300755          100 证券买入            500             28.8200         部分成交        0               0
09:32:44.000    222050695       10009           WTD:1046000003          603556          100 证券买入            -800            14.7600         已撤            0               0
09:32:46.000    234042334       10010           0103000002364264        002322          101 证券卖出            800             15.0200         已成            0               0
09:32:46.000    206047019       10011           0101000002073749        300220          100 证券买入            300             30.8500         部分成交        0               0
09:32:46.000    210043172       10012           0102000002128898        300363          100 证券买入            300             32.3400         部分成交        0               0
09:32:46.000    210043172       10012           0102000002128900        300363          100 证券买入            200             32.3800         已成            0               0
09:32:46.000    206047019       10011           0101000002073751        300220          100 证券买入            100             30.8900         已成            0               0
09:32:46.000    234042335       10014           0104000002278051        002392          100 证券买入            100             4.7900          部分成交        0               0
09:32:46.000    234042335       10014           0104000002278053        002392          100 证券买入            100             4.7900          部分成交        0               0
09:32:46.000    234042335       10014           0104000002278055        002392          100 证券买入            100             4.7900          部分成交        0               0
09:32:46.000    234042335       10014           0104000002278057        002392          100 证券买入            100             4.7900          部分成交        0               0
09:32:46.000    234042335       10014           0104000002278059        002392          100 证券买入            300             4.7900          部分成交        0               0
09:32:46.000    234042335       10014           0104000002278061        002392          100 证券买入            200             4.7900          部分成交        0               0
09:32:46.000    234042335       10014           0104000002278063        002392          100 证券买入            200             4.7900          部分成交        0               0
09:32:46.000    234042335       10014           0104000002278065        002392          100 证券买入            300             4.7900          部分成交        0               0
09:32:46.000    234042335       10014           0104000002278067        002392          100 证券买入            700             4.7900          部分成交        0               0
09:32:46.000    234042335       10014           0104000002278069        002392          100 证券买入            100             4.7900          部分成交        0               0
09:32:46.000    234042335       10014           0104000002278071        002392          100 证券买入            100             4.7900          部分成交        0               0
09:32:46.000    234042335       10014           0104000002278073        002392          100 证券买入            200             4.7900          部分成交        0               0
09:32:46.000    234042335       10014           0104000002278075        002392          100 证券买入            200             4.7900          部分成交        0               0
09:32:46.000    234042335       10014           0104000002278077        002392          100 证券买入            100             4.7900          部分成交        0               0
09:32:46.000    234042335       10014           0104000002278079        002392          100 证券买入            200             4.7900          部分成交        0               0
09:32:46.000    206047020       10015           0101000002075175        002937          100 证券买入            600             15.8200         部分成交        0               0
09:32:46.000    206047020       10015           0101000002075177        002937          100 证券买入            100             15.8300         部分成交        0               0
09:32:46.000    206047020       10015           0101000002075179        002937          100 证券买入            500             15.8300         已成            0               0
09:32:46.000    230049495       10013           1255687                 603556          100 证券买入            1100            14.7700         已成            0               0
09:32:47.000    218044890       10008           0102000002136453        300755          100 证券买入            -1600           28.8200         部撤            0               0
09:32:47.000    234042335       10014           0104000002286430        002392          100 证券买入            7700            4.7900          已成            0               0
09:32:51.000    214047790       10016           0101000002104670        300220          100 证券买入            300             30.8900         已成            0               0
09:32:52.000    230049499       10018           0102000002167226        300755          100 证券买入            100             28.9100         已成            0               0
09:32:52.000    218044898       10017           0102000002168829        300363          100 证券买入            500             32.3200         部分成交        0               0
09:32:53.000    206047023       10020           0101000002117340        002937          100 证券买入            -1200           15.8100         已撤            0               0
09:32:55.000    218044898       10017           0102000002184445        300363          100 证券买入            100             32.3200         已成            0               0
09:32:56.000    214047795       10022           0102000002192868        300363          100 证券买入            100             32.3200         部分成交        0               0
09:32:56.000    210043178       10021           0103000002431015        002322          101 证券卖出            400             15.0000         部分成交        0               0
09:32:56.000    214047795       10022           0102000002192870        300363          100 证券买入            500             32.3400         部分成交        0               0
09:32:56.000    210043178       10021           0103000002431017        002322          101 证券卖出            700             15.0000         已成            0               0
09:32:56.000    214047795       10022           0102000002192872        300363          100 证券买入            600             32.3400         已成            0               0
09:32:56.000    234042341       10024           0101000002137094        002937          100 证券买入            1200            15.8500         已成            0               0
09:32:56.000    230049501       10023           0102000002194723        300755          100 证券买入            100             28.9400         已成            0               0
09:33:01.000    230049504       10025           0103000002467686        002322          101 证券卖出            200             15.0100         部分成交        0               0
09:33:01.000    230049504       10025           0103000002467688        002322          101 证券卖出            600             15.0100         部分成交        0               0
09:33:01.000    230049504       10025           0103000002467690        002322          101 证券卖出            400             15.0000         部分成交        0               0
09:33:01.000    230049504       10025           0103000002467692        002322          101 证券卖出            100             15.0000         已成            0               0
09:33:01.000    202039582       10027           0101000002173284        002937          100 证券买入            4100            15.8300         已成            0               0
09:33:02.000    238049325       10026           0102000002231804        300755          100 证券买入            -100            29.0000         已撤            0               0
09:33:07.000    234042338       10019           0104000002433077        002392          100 证券买入            -900            4.7800          已撤            0               0
09:33:25.000    230049521       10028           0104000002570371        002392          100 证券买入            900             4.7900          已成            0               0
09:33:32.000    230049538       10029           0101000002391054        002937          100 证券买入            -1300           15.8800         已撤            0               0
09:33:36.000    226039809       10030           0101000002418222        002937          100 证券买入            1400            15.8800         已成            0               0
09:33:41.000    234042373       10031           0103000002758743        002322          101 证券卖出            400             15.0100         已成            0               0
09:33:44.000    206047066       10032           0101000002469466        002937          100 证券买入            -1100           15.8500         已撤            0               0
09:33:46.000    234042380       10034           0101000002487033        002937          100 证券买入            1100            15.8400         已成            0               0
09:33:46.000    206047069       10035           0102000002548428        300755          100 证券买入            600             29.1900         已成            0               0
09:33:47.000    210043217       10036           1523456                 603556          100 证券买入            400             14.7800         已成            0               0
09:33:49.000    230049547       10033           0103000002821932        002322          101 证券卖出            -1100           14.9300         已撤            0               0
09:33:51.000    202039619       10037           0103000002841951        002322          101 证券卖出            100             14.9200         部分成交        0               0
09:33:51.000    202039619       10037           0103000002841953        002322          101 证券卖出            400             14.9200         部分成交        0               0
09:33:51.000    202039619       10037           0103000002841955        002322          101 证券卖出            2000            14.9100         部分成交        0               0
09:33:52.000    218044953       10038           0101000002524947        300220          100 证券买入            100             30.9500         已成            0               0
09:33:51.000    202039619       10037           0103000002841957        002322          101 证券卖出            1100            14.9100         已成            0               0
09:33:57.000    238049369       10039           0103000002880513        002322          101 证券卖出            700             14.9100         部分成交        0               0
09:33:57.000    238049369       10039           0103000002880515        002322          101 证券卖出            400             14.9100         已成            0               0
09:34:02.000    210043233       10041           0102000002661922        300755          100 证券买入            100             29.1300         已成            0               0
09:34:04.000    222050761       10040           0103000002940223        002322          101 证券卖出            -700            14.9400         已撤            0               0
09:34:32.000    210043286       10042           0102000002870460        300755          100 证券买入            700             29.3100         已成            0               0
09:35:19.000    202039757       10043           0103000003454020        002322          101 证券卖出            -200            14.9300         已撤            0               0
09:35:46.000    210043431       10044           0103000003631596        002322          101 证券卖出            -600            14.9200         已撤            0               0
09:35:57.000    210043456       10045           0103000003698158        002322          101 证券卖出            300             14.9000         已成            0               0
09:37:52.000    218045411       10046           0103000004442604        002322          101 证券卖出            200             14.9300         部分成交        0               0
09:37:52.000    218045411       10046           0103000004442606        002322          101 证券卖出            100             14.9300         部分成交        0               0
09:37:52.000    218045411       10046           0103000004442608        002322          101 证券卖出            100             14.9200         已成            0               0
09:38:52.000    206047672       10047           0103000004773929        002322          101 证券卖出            700             15.0100         已成            0               0
09:38:57.000    222051341       10048           0103000004803432        002322          101 证券卖出            1700            15.0000         部分成交        0               0
09:38:57.000    222051341       10048           0103000004803440        002322          101 证券卖出            300             15.0000         部分成交        0               0
09:38:58.000    222051341       10048           0103000004806828        002322          101 证券卖出            400             15.0000         已成            0               0
09:43:57.000    206048053       10049           0103000006480985        002322          101 证券卖出            500             14.8400         已成            0               0
09:44:04.000    210044092       10050           0103000006518239        002322          101 证券卖出            -700            14.8500         已撤            0               0
09:48:57.000    234043733       10051           0103000008014322        002322          101 证券卖出            1100            14.8700         已成            0               0
09:49:04.000    218046247       10052           0103000008045262        002322          101 证券卖出            -900            14.8800         已撤            0               0
09:50:55.000    238050768       10053           0103000008529785        002322          101 证券卖出            -700            14.9200         已撤            0               0
09:50:57.000    218046322       10054           0103000008537692        002322          101 证券卖出            700             14.9000         已成            0               0
09:52:58.000    218046378       10055           0103000009044797        002322          101 证券卖出            -800            14.8600         已撤            0               0
09:54:12.000    230051087       10056           0103000009327005        002322          101 证券卖出            300             14.8900         已成            0               0
09:54:18.000    214049421       10057           0103000009349756        002322          101 证券卖出            900             14.8800         已成            0               0
