时间            资产账户        证券代码        证券名称        可用数量        库存数量        参考成本                参考盈亏                市值                交易板块
15:08:25.115    56135092        000050          深天马Ａ        24100           24100           16.7502                 -25790.690              377888.000              00
15:08:25.115    56135092        000059          华锦股份        227583          227583          5.3107                  -104844.260             1103777.550             00
15:08:25.115    56135092        000156          华数传媒        15000           15000           11.7618                 -9927.230               166500.000              00
15:08:25.115    56135092        000402          金融街          30000           30000           7.3875                  -20925.990              200700.000              00
15:08:25.115    56135092        000403          双林生物        98174           98174           38.8846                 32927.390               3850384.280             00
15:08:25.115    56135092        000537          广宇发展        0               0               0.0000                  16267.990               0.000                   00
15:08:25.115    56135092        000553          安道麦A         11500           11500           9.4059                  -2482.560               105685.000              00
15:08:25.115    56135092        000581          威孚高科        14400           14400           22.8985                 -21290.840              308448.000              00
15:08:25.115    56135092        000657          中钨高新        53626           53626           4.7801                  119579.170              375918.260              00
15:08:25.115    56135092        000665          湖北广电        26800           26800           5.9847                  -19422.890              140968.000              00
15:08:25.115    56135092        000681          视觉中国        9200            9200            20.5675                 -37052.940              152168.000              00
15:08:25.115    56135092        000683          远兴能源        896500          896500          2.0447                  -183538.860             1649560.000             00
15:08:25.115    56135092        000729          燕京啤酒        0               0               0.0000                  10272.520               0.000                   00
15:08:25.115    56135092        000739          普洛药业        18100           18100           24.3592                 -19533.480              421368.000              00
15:08:25.115    56135092        000785          居然之家        4000            4000            8.9572                  -908.810                34920.000               00
15:08:25.115    56135092        000869          张裕Ａ          3500            3500            33.8924                 -3298.530               115325.000              00
15:08:25.115    56135092        000887          中鼎股份        17700           17700           9.2758                  -6475.190               157707.000              00
15:08:25.115    56135092        000921          海信家电        78800           78800           12.3561                 -165175.910             808488.000              00
15:08:25.115    56135092        000938          紫光股份        92800           92800           48.3208                 -474283.160             4009888.000             00
15:08:25.115    56135092        000960          锡业股份        24200           24200           10.3161                 -3052.420               246598.000              00
15:08:25.115    56135092        000970          中科三环        22300           22300           10.4480                 -13113.260              219878.000              00
15:08:25.115    56135092        000997          新大陆          18400           18400           17.4394                 -14708.950              306176.000              00
15:08:25.115    56135092        000999          华润三九        9800            9800            30.8942                 -16995.300              285768.000              00
15:08:25.115    56135092        002004          华邦健康        0               0               0.0000                  4599.040                0.000                   00
15:08:25.115    56135092        002010          传化智联        51600           51600           6.0734                  -21333.910              292056.000              00
15:08:25.115    56135092        002042          华孚时尚        63100           63100           5.9872                  -31371.780              346419.000              00
15:08:25.115    56135092        002056          横店东磁        20600           20600           13.0925                 -31570.230              238136.000              00
15:08:25.115    56135092        002081          金螳螂          0               0               0.0000                  52981.950               0.000                   00
15:08:25.115    56135092        002127          南极电商        190100          190100          20.9075                 -413941.050             3560573.000             00
15:08:25.115    56135092        002138          顺络电子        12800           12800           27.0378                 -36195.750              309888.000              00
15:08:25.115    56135092        002174          游族网络        12600           13400           23.7004                 -35112.730              282472.000              00
15:08:25.115    56135092        002212          南洋股份        165800          181900          27.8793                 -847535.360             4223718.000             00
15:08:25.115    56135092        002217          合力泰          44600           44600           15.0038                 -445721.450             223446.000              00
15:08:25.115    56135092        002242          九阳股份        8000            8300            36.6349                 -14399.760              289670.000              00
15:08:25.115    56135092        002244          滨江集团        33000           33000           5.2273                  -21031.780              151470.000              00
15:08:25.115    56135092        002268          卫士通          14300           14300           24.5713                 -45063.350              306306.000              00
15:08:25.115    56135092        002293          罗莱生活        12410           12410           6.3933                  51957.470               131297.800              00
15:08:25.115    56135092        002301          齐心集团        71400           113700          16.5060                 -101878.080             1774857.000             00
15:08:25.115    56135092        002312          三泰控股        30250           30250           3.4862                  55776.320               161232.500              00
15:08:25.115    56135092        002322          理工环科        25428           42428           13.1019                 -5173.810               550715.440              00
15:08:25.115    56135092        002353          杰瑞股份        12200           12200           31.6913                 -5384.460               381250.000              00
15:08:25.115    56135092        002373          千方科技        18100           18900           24.1334                 -19908.650              436212.000              00
15:08:25.115    56135092        002380          科远智慧        29000           29000           15.3104                 -15671.300              428330.000              00
15:08:25.115    56135092        002381          双箭股份        145900          145900          9.5932                  -39852.880              1359788.000             00
15:08:25.115    56135092        002396          星网锐捷        8800            9200            37.2571                 -63085.480              279680.000              00
15:08:25.115    56135092        002399          海普瑞          9300            9300            26.5717                 -25218.940              221898.000              00
15:08:25.115    56135092        002408          齐翔腾达        0               0               0.0000                  10542.250               0.000                   00
15:08:25.115    56135092        002424          贵州百灵        0               0               0.0000                  -1844.100               0.000                   00
15:08:25.115    56135092        002434          万里扬          14300           14300           9.7183                  -10271.400              128700.000              00
15:08:25.115    56135092        002439          启明星辰        16300           17000           46.2176                 -121169.300             664530.000              00
15:08:25.115    56135092        002484          江海股份        250700          250700          8.8762                  51094.270               2276356.000             00
15:08:25.115    56135092        002491          通鼎互联        32100           32100           7.5253                  -74643.450              166920.000              00
15:08:25.115    56135092        002507          涪陵榨菜        15700           15700           39.4251                 -35090.590              583883.000              00
15:08:25.115    56135092        002540          亚太科技        47900           47900           4.9232                  8947.210                244769.000              00
15:08:25.115    56135092        002557          洽洽食品        8500            8500            52.8817                 4915.610                454410.000              00
15:08:25.115    56135092        002572          索菲亚          0               0               0.0000                  -28539.300              0.000                   00
15:08:25.115    56135092        002595          豪迈科技        13200           13200           22.4989                 -23613.510              273372.000              00
15:08:25.115    56135092        002643          万润股份        76500           76500           17.9208                 -73501.400              1297440.000             00
15:08:25.115    56135092        002653          海思科          4100            4100            25.0570                 1037.480                103771.000              00
15:08:25.115    56135092        002709          天赐材料        6800            7200            42.7672                 -42315.480              265608.000              00
15:08:25.115    56135092        002749          国光股份        102490          102490          13.1221                 92028.890               1436909.800             00
15:08:25.115    56135092        002777          久远银海        16699           31819           27.9170                 -20587.980              867704.130              00
15:08:25.115    56135092        002818          富森美          10900           10900           14.1464                 -8244.260               145951.000              00
15:08:25.115    56135092        002821          凯莱英          3600            3600            142.4123                268515.680              781200.000              00
15:08:25.115    56135092        002847          盐津铺子        0               8900            98.7076                 -957.880                877540.000              00
15:08:25.115    56135092        002859          洁美科技        0               34400           26.9970                 -7808.430               920888.000              00
15:08:25.115    56135092        002861          瀛通通讯        71100           71100           29.5019                 -282401.460             1815183.000             00
15:08:25.115    56135092        002880          卫光生物        43150           43150           60.6768                 55369.660               2673574.000             00
15:08:25.115    56135092        002901          大博医疗        30200           30200           91.1402                 260017.060              3012450.000             00
15:08:25.115    56135092        002913          奥士康          20300           20300           52.6389                 37780.910               1106350.000             00
15:08:25.115    56135092        002920          德赛西威        0               4400            70.7428                 -2740.110               308528.000              00
15:08:25.115    56135092        002937          兴瑞科技        27800           27800           15.8805                 -14470.830              427008.000              00
15:08:25.115    56135092        082749          国光配债        760             760             0.0000                  0.000                   0.000                   00
15:08:25.115    56135092        300017          网宿科技        37300           37300           11.0293                 -91730.530              319661.000              00
15:08:25.115    56135092        300036          超图软件        113500          113500          24.3499                 -106674.000             2657035.000             00
15:08:25.115    56135092        300041          回天新材        0               95100           14.8909                 -57147.310              1358979.000             00
15:08:25.115    56135092        300079          数码科技        299416          299416          6.2771                  -388368.960             1491091.680             00
15:08:25.115    56135092        300130          新国都          82600           82600           15.4070                 -169905.730             1102710.000             00
15:08:25.115    56135092        300132          青松股份        0               43100           21.9253                 -20483.370              924495.000              00
15:08:25.115    56135092        300133          华策影视        25200           25200           7.7292                  -11068.000              183708.000              00
15:08:25.115    56135092        300134          大富科技        9400            9400            16.0590                 -22644.650              128310.000              00
15:08:25.115    56135092        300188          美亚柏科        73200           73200           23.6538                 -260138.120             1471320.000             00
15:08:25.115    56135092        300212          易华录          70800           88500           51.6725                 -196692.370             4376325.000             00
15:08:25.115    56135092        300229          拓尔思          276650          344592          12.9009                 -589548.330             3855984.480             00
15:08:25.115    56135092        300232          洲明科技        383400          383400          9.7976                  -704531.060             3051864.000             00
15:08:25.115    56135092        300244          迪安诊断        7500            7500            33.0374                 23644.750               271425.000              00
15:08:25.115    56135092        300257          开山股份        7700            8000            15.4773                 -1578.610               122240.000              00
15:08:25.115    56135092        300259          新天科技        100200          100200          5.3307                  -35139.420              498996.000              00
15:08:25.115    56135092        300271          华宇软件        71200           71200           26.6923                 -101979.000             1798512.000             00
15:08:25.115    56135092        300285          国瓷材料        16700           16700           34.6009                 -2687.760               575148.000              00
15:08:25.115    56135092        300288          朗玛信息        0               0               0.0000                  -27135.510              0.000                   00
15:08:25.115    56135092        300308          中际旭创        65926           70426           60.8439                 -438321.880             3846668.120             00
15:08:25.115    56135092        300316          晶盛机电        22527           22527           24.2055                 -12062.680              533214.090              00
15:08:25.115    56135092        300357          我武生物        33900           33900           59.8745                 127989.290              2157735.000             00
15:08:25.115    56135092        300406          九强生物        23700           23700           21.1626                 -23998.290              477555.000              00
15:08:25.115    56135092        300418          昆仑万维        0               18200           24.4840                 1019.460                446628.000              00
15:08:25.115    56135092        300423          鲁亿通          75900           75900           14.6010                 -91152.580              1017060.000             00
15:08:25.115    56135092        300440          运达科技        27300           27300           9.9804                  -12023.780              260442.000              00
15:08:25.115    56135092        300455          康拓红外        0               0               0.0000                  108367.320              0.000                   00
15:08:25.115    56135092        300474          景嘉微          4200            4200            75.9506                 -14450.600              304542.000              00
15:08:25.115    56135092        300476          胜宏科技        174400          180900          24.2753                 -549093.360             3842316.000             00
15:08:25.115    56135092        300482          万孚生物        5600            28000           97.2845                 -57805.020              2666160.000             00
15:08:25.115    56135092        300496          中科创达        0               6600            93.5943                 1489.310                619212.000              00
15:08:25.115    56135092        300525          博思软件        90              90              -2767.8532              252681.590              3574.800                00
15:08:25.115    56135092        300558          贝达药业        6100            6600            138.8940                -22400.530              894300.000              00
15:08:25.115    56135092        300559          佳发教育        0               30600           21.0381                 -17995.190              625770.000              00
15:08:25.115    56135092        300575          中旗股份        19200           19200           46.0225                 3023.950                886656.000              00
15:08:25.115    56135092        300580          贝斯特          35700           35700           21.3566                 -29153.870              733278.000              00
15:08:25.115    56135092        300590          移为通信        0               27063           29.5230                 -21190.220              777790.620              00
15:08:25.115    56135092        300595          欧普康视        10000           10000           65.0776                 -40175.630              610600.000              00
15:08:25.115    56135092        300596          利安隆          104400          104400          35.3348                 -335626.750             3353328.000             00
15:08:25.115    56135092        300617          安靠智电        5900            5900            37.1129                 4644.110                223610.000              00
15:08:25.115    56135092        300618          寒锐钴业        0               4400            62.7316                 21641.040               297660.000              00
15:08:25.115    56135092        300628          亿联网络        60100           65400           64.6383                 -164040.010             4063302.000             00
15:08:25.115    56135092        300630          普利制药        4300            4500            47.9149                 -12397.210              203220.000              00
15:08:25.115    56135092        300632          光莆股份        19500           19500           16.9922                 -24418.830              306930.000              00
15:08:25.115    56135092        300636          同和药业        14800           14800           37.7475                 -25863.150              532800.000              00
15:08:25.115    56135092        300638          广和通          19600           19600           59.1154                 80450.920               1239112.000             00
15:08:25.115    56135092        300659          中孚信息        0               15800           57.9061                 4484.880                919402.000              00
15:08:25.115    56135092        300682          朗新科技        1900            1900            74.9832                 -110377.060             32091.000               00
15:08:25.115    56135092        300684          中石科技        18800           18800           36.4534                 -52516.210              632808.000              00
15:08:25.115    56135092        300687          赛意信息        36500           55500           20.9994                 -44365.950              1121100.000             00
15:08:25.115    56135092        300695          兆丰股份        8400            8400            61.4623                 39628.600               555912.000              00
15:08:25.115    56135092        300709          精研科技        10800           10800           92.3008                 -62432.400              934416.000              00
15:08:25.115    56135092        300715          凯伦股份        0               15700           43.5921                 -28920.770              655475.000              00
15:08:25.115    56135092        300724          捷佳伟创        57400           57400           88.9641                 101933.960              5208476.000             00
15:08:25.115    56135092        300725          药石科技        7735            7735            -43.2971                1267743.790             932841.000              00
15:08:25.115    56135092        300729          乐歌股份        6700            19700           44.1369                 6365.910                875862.000              00
15:08:25.115    56135092        300751          迈为股份        0               0               0.0000                  47621.240               0.000                   00
15:08:25.115    56135092        300755          华致酒行        60500           78900           30.8937                 -141522.070             2295990.000             00
15:08:25.115    56135092        300763          锦浪科技        0               14000           75.8649                 -14908.950              1047200.000             00
15:08:25.115    56135092        300766          每日互动        49900           74200           36.2736                 -197635.880             2493862.000             00
15:08:25.115    56135092        300770          新媒股份        0               0               0.0000                  35355.300               0.000                   00
15:08:25.115    56135092        300771          智莱科技        9020            9020            40.7815                 -27704.650              340144.200              00
15:08:25.115    56135092        300783          三只松鼠        18600           18600           72.0607                 -136909.630             1203420.000             00
15:08:25.115    56135092        600006          东风汽车        0               0               0.0000                  -2501.440               0.000                   10
15:08:25.115    56135092        600021          上海电力        33200           33200           7.9606                  -10976.520              253316.000              10
15:08:25.115    56135092        600039          四川路桥        54300           54300           4.3969                  -5803.140               232947.000              10
15:08:25.115    56135092        600056          中国医药        0               0               0.0000                  2503.290                0.000                   10
15:08:25.115    56135092        600058          五矿发展        10800           10800           6.9751                  -3078.800               72252.000               10
15:08:25.115    56135092        600125          铁龙物流        23100           23100           6.2744                  -12113.450              132825.000              10
15:08:25.115    56135092        600132          重庆啤酒        6400            6400            71.0829                 -9490.520               445440.000              10
15:08:25.115    56135092        600141          兴发集团        0               0               0.0000                  -5208.370               0.000                   10
15:08:25.115    56135092        600153          建发股份        43600           43600           10.1074                 -39128.320              401556.000              10
15:08:25.115    56135092        600158          中体产业        17000           17000           9.3247                  -11809.860              146710.000              10
15:08:25.115    56135092        600167          联美控股        17700           17700           13.5762                 9094.150                249393.000              10
15:08:25.115    56135092        600201          生物股份        30758           30758           27.2104                 -27694.250              809242.980              10
15:08:25.115    56135092        600216          浙江医药        17200           17200           19.2613                 -18597.570              312696.000              10
15:08:25.115    56135092        600297          广汇汽车        16              16              16575.1231              -265134.130             67.840                  10
15:08:25.115    56135092        600299          安迪苏          0               0               0.0000                  39298.060               0.000                   10
15:08:25.115    56135092        600325          华发股份        41100           41100           7.6878                  -31558.340              284412.000              10
15:08:25.115    56135092        600329          中新药业        7600            7600            18.2045                 -3378.060               134976.000              10
15:08:25.115    56135092        600335          国机汽车        44100           44100           5.3904                  -26036.900              211680.000              10
15:08:25.115    56135092        600373          中文传媒        16600           16600           13.2931                 -16319.010              204346.000              10
15:08:25.115    56135092        600376          首开股份        0               0               0.0000                  -9486.460               0.000                   10
15:08:25.115    56135092        600388          龙净环保        0               0               0.0000                  -7687.280               0.000                   10
15:08:25.115    56135092        600392          盛和资源        0               0               0.0000                  -10341.670              0.000                   10
15:08:25.115    56135092        600466          蓝光发展        37100           37100           5.9256                  -24322.150              195517.000              10
15:08:25.115    56135092        600500          中化国际        33700           33700           5.7842                  -12945.930              181980.000              10
15:08:25.115    56135092        600528          中铁工业        28000           28000           9.9528                  -16599.080              262080.000              10
15:08:25.115    56135092        600557          康缘药业        10400           10400           14.8038                 -3055.330               150904.000              10
15:08:25.115    56135092        600563          法拉电子        13400           24100           59.6856                 -71951.870              1366470.000             10
15:08:25.115    56135092        600566          济川药业        12900           12900           27.1502                 -38315.500              311922.000              10
15:08:25.115    56135092        600602          云赛智联        271100          271100          7.7705                  -100455.320             2006140.000             10
15:08:25.115    56135092        600623          华谊集团        13900           13900           5.7519                  -2111.790               77840.000               10
15:08:25.115    56135092        600637          东方明珠        204530          204530          11.5242                 -332190.700             2024847.000             10
15:08:25.115    56135092        600639          浦东金桥        16300           16300           15.8916                 -13229.380              245804.000              10
15:08:25.115    56135092        600640          号百控股        7800            7800            19.7521                 -7816.370               146250.000              10
15:08:25.115    56135092        600642          申能股份        60800           60800           5.7820                  -11673.620              339872.000              10
15:08:25.115    56135092        600657          信达地产        21200           21200           5.5619                  -18696.980              99216.000               10
15:08:25.115    56135092        600673          东阳光          293300          293300          7.0952                  194982.200              2276008.000             10
15:08:25.115    56135092        600699          均胜电子        18700           18700           23.0215                 -25085.380              405416.000              10
15:08:25.115    56135092        600704          物产中大        62500           62500           4.7616                  -17601.480              280000.000              10
15:08:25.115    56135092        600737          中粮糖业        27000           27000           8.1701                  -4863.400               215730.000              10
15:08:25.115    56135092        600743          华远地产        330100          330100          2.3564                  -71449.300              706414.000              10
15:08:25.115    56135092        600757          长江传媒        23900           23900           5.5589                  -5948.840               126909.000              10
15:08:25.115    56135092        600782          新钢股份        38900           38900           4.4609                  -6260.430               167270.000              10
15:08:25.115    56135092        600805          悦达投资        70100           70100           4.7192                  -31488.860              299327.000              10
15:08:25.115    56135092        600820          隧道股份        332528          332528          6.6695                  -239237.390             1978541.600             10
15:08:25.115    56135092        600823          世茂股份        37600           37600           4.7642                  -17455.600              161680.000              10
15:08:25.115    56135092        600845          宝信软件        8400            9400            71.6882                 -27149.060              646720.000              10
15:08:25.115    56135092        600869          智慧能源        27900           27900           4.1709                  -4209.450               112158.000              10
15:08:25.115    56135092        600875          东方电气        29900           29900           9.7149                  -1343.270               289133.000              10
15:08:25.115    56135092        600885          宏发股份        12000           51900           37.6704                 -57109.170              1897983.000             10
15:08:25.115    56135092        600909          华安证券        45000           45000           8.6399                  -39144.310              349650.000              10
15:08:25.115    56135092        600933          爱柯迪          48600           48600           13.9002                 -76797.930              598752.000              10
15:08:25.115    56135092        600936          广西广电        23000           23000           4.8026                  -18000.570              92460.000               10
15:08:25.115    56135092        600959          江苏有线        350490          350490          4.3034                  -197453.340             1310832.600             10
15:08:25.115    56135092        600970          中材国际        25700           25700           5.9713                  -1832.090               151630.000              10
15:08:25.115    56135092        600996          贵广网络        417300          417300          8.0406                  -359125.840             2996214.000             10
15:08:25.115    56135092        601003          柳钢股份        0               0               0.0000                  -2198.520               0.000                   10
15:08:25.115    56135092        601019          山东出版        15800           15800           7.0738                  -7802.410               103964.000              10
15:08:25.115    56135092        601098          中南传媒        18200           18200           11.3912                 -18040.550              189280.000              10
15:08:25.115    56135092        601138          工业富联        201700          201700          16.1294                 -427485.770             2825817.000             10
15:08:25.115    56135092        601615          明阳智能        7000            7000            13.6965                 5274.690                101150.000              10
15:08:25.115    56135092        601678          滨化股份        0               0               0.0000                  -4983.050               0.000                   10
15:08:25.115    56135092        601717          郑煤机          25800           25800           6.5669                  -951.560                168474.000              10
15:08:25.115    56135092        601799          星宇股份        3600            3600            135.9191                9291.320                498600.000              10
15:08:25.115    56135092        601801          皖新传媒        15300           16000           5.8750                  -4719.330               89280.000               10
15:08:25.115    56135092        601811          新华文轩        4100            4100            11.3265                 -2363.750               44075.000               10
15:08:25.115    56135092        601828          美凯龙          80900           80900           10.1907                 -39695.390              784730.000              10
15:08:25.115    56135092        601858          中国科传        83655           83655           9.7884                  -61773.920              757077.750              10
15:08:25.115    56135092        601869          长飞光纤        2000            2000            31.9817                 -2123.420               61840.000               10
15:08:25.115    56135092        601928          凤凰传媒        0               0               0.0000                  -5936.730               0.000                   10
15:08:25.115    56135092        601929          吉视传媒        348600          348600          2.4779                  -114315.160             749490.000              10
15:08:25.115    56135092        601949          中国出版        64200           64200           6.2988                  -51282.310              353100.000              10
15:08:25.115    56135092        603000          人民网          13700           13700           22.0830                 -35934.870              266602.000              10
15:08:25.115    56135092        603025          大豪科技        9000            9000            8.1239                  -2825.350               70290.000               10
15:08:25.115    56135092        603056          德邦股份        7400            7400            14.5063                 -16326.580              91020.000               10
15:08:25.115    56135092        603160          汇顶科技        18800           18800           215.8041                -218533.880             3838584.000             10
15:08:25.115    56135092        603186          华正新材        19700           19700           52.3678                 -198926.640             832719.000              10
15:08:25.115    56135092        603218          日月股份        0               59060           17.7728                 -2526.810               1047133.800             10
15:08:25.115    56135092        603225          新凤鸣          4100            4100            11.3063                 -4248.730               42107.000               10
15:08:25.115    56135092        603228          景旺电子        46800           46800           36.1800                 -102959.450             1590264.000             10
15:08:25.115    56135092        603233          大参林          8500            8500            72.4343                 -1396.270               614295.000              10
15:08:25.115    56135092        603236          移远通信        0               7700            191.1399                -31877.010              1439900.000             10
15:08:25.115    56135092        603238          诺邦股份        16300           16300           42.1946                 -31208.210              656564.000              10
15:08:25.115    56135092        603303          得邦照明        22540           22540           11.0984                 -20250.590              229908.000              10
15:08:25.115    56135092        603315          福鞍股份        28300           28300           12.5783                 -24005.860              331959.000              10
15:08:25.115    56135092        603317          天味食品        1800            19100           57.5656                 5814.030                1105317.000             10
15:08:25.115    56135092        603328          依顿电子        9800            9800            10.4002                 -5098.370               96824.000               10
15:08:25.115    56135092        603338          浙江鼎力        3500            3500            84.0082                 -2443.740               291585.000              10
15:08:25.115    56135092        603379          三美股份        2100            2100            23.2349                 -2467.240               46326.000               10
15:08:25.115    56135092        603444          吉比特          1000            1100            589.7065                2522.800                651200.000              10
15:08:25.115    56135092        603486          科沃斯          59100           59100           29.6496                 -27753.160              1724538.000             10
15:08:25.115    56135092        603501          韦尔股份        19100           19400           215.6214                -361254.440             3821800.000             10
15:08:25.115    56135092        603508          思维列控        23800           23800           35.8697                 -54970.500              798728.000              10
15:08:25.115    56135092        603516          淳中科技        26000           26000           38.0647                 -53942.850              935740.000              10
15:08:25.115    56135092        603528          多伦科技        44100           44100           13.5648                 -139124.960             459081.000              10
15:08:25.115    56135092        603556          海兴电力        23800           23800           15.1935                 -18409.600              343196.000              10
15:08:25.115    56135092        603558          健盛集团        37637           37637           9.5203                  -21464.420              336851.150              10
15:08:25.115    56135092        603566          普莱柯          10300           10300           35.5920                 -102402.650             264195.000              10
15:08:25.115    56135092        603605          珀莱雅          4820            4820            121.1084                212665.960              796408.600              10
15:08:25.115    56135092        603636          南威软件        0               0               0.0000                  -2699.310               0.000                   10
15:08:25.115    56135092        603659          璞泰来          42300           43600           110.3224                -450054.900             4360000.000             10
15:08:25.115    56135092        603688          石英股份        46650           72550           24.3120                 -139443.880             1624394.500             10
15:08:25.115    56135092        603699          纽威股份        81700           81700           15.9604                 -16373.090              1287592.000             10
15:08:25.115    56135092        603707          健友股份        41730           41730           45.2870                 -32840.080              1856985.000             10
15:08:25.115    56135092        603728          鸣志电器        25600           25600           14.1945                 -23155.340              340224.000              10
15:08:25.115    56135092        603730          岱美股份        17200           17200           33.8776                 -30230.820              552464.000              10
15:08:25.115    56135092        603788          宁波高发        18500           18500           17.9842                 -18392.930              314315.000              10
15:08:25.115    56135092        603816          顾家家居        0               4800            56.6396                 -2302.060               269568.000              10
15:08:25.115    56135092        603826          坤彩科技        56000           68200           32.5226                 -295482.670             1922558.000             10
15:08:25.115    56135092        603868          飞科电器        0               1300            57.6536                 515.270                 75465.000               10
15:08:25.115    56135092        603876          鼎胜新材        117600          117600          16.1723                 -136685.410             1765176.000             10
15:08:25.115    56135092        603890          春秋电子        0               50000           15.2974                 2128.500                767000.000              10
15:08:25.115    56135092        603916          苏博特          79900           112100          27.0536                 -36279.430              2996433.000             10
15:08:25.115    56135092        603920          世运电路        52500           52500           25.9889                 -173718.280             1190700.000             10
15:08:25.115    56135092        603983          丸美股份        0               13000           73.1667                 -7107.730               944060.000              10
