时间            委托编号        委托标识        成交编号                证券代码        交易业务                成交数量        成交价格        委托状态        汇总成交        汇总撤单
09:30:07.000    209874912       608100          WTD:1049000001          601818          700 担保品买入          -100            3.7000          已撤            0               0
09:31:20.000    229882410       608108          WTD:1049000003          601818          700 担保品买入          -100            3.8700          已撤            0               0
09:37:05.000    221883997       609087          0103000003788512        300177          701 担保品卖出          1000            10.1700         已成            0               0
09:37:05.000    205880098       609090          0101000004027111        000600          701 担保品卖出          300             5.8400          部分成交        0               0
09:37:05.000    205880098       609090          0101000004027125        000600          701 担保品卖出          1300            5.8400          已成            0               0
09:37:05.000    225873970       609091          0103000003789191        300095          701 担保品卖出          1300            11.3400         已成            0               0
09:37:05.000    213880165       609095          0101000004028512        000786          701 担保品卖出          100             31.1000         部分成交        0               0
09:37:05.000    213880165       609095          0101000004028514        000786          701 担保品卖出          200             31.1000         部分成交        0               0
09:37:05.000    213880165       609095          0101000004028516        000786          701 担保品卖出          100             31.0800         部分成交        0               0
09:37:05.000    213880165       609095          0101000004028518        000786          701 担保品卖出          200             31.0800         部分成交        0               0
09:37:05.000    213880165       609095          0101000004028520        000786          701 担保品卖出          500             31.0800         已成            0               0
09:37:05.000    221883999       609096          0104000004124775        300183          701 担保品卖出          700             21.4500         已成            0               0
09:37:06.000    205880100       609099          0104000004125754        002565          701 担保品卖出          2100            5.5900          已成            0               0
09:37:05.000    229883322       609088          2502269                 600366          701 担保品卖出          400             6.4300          已成            0               0
09:37:05.000    237882587       609089          2502488                 600426          701 担保品卖出          100             23.9100         已成            0               0
09:37:05.000    209876160       609094          2503777                 603131          701 担保品卖出          300             20.9600         已成            0               0
09:37:06.000    229883325       609100          0102000003617970        300566          700 担保品买入          200             35.4100         部分成交        0               0
09:37:06.000    213880169       609103          0101000004032075        002328          700 担保品买入          2000            6.1300          已成            0               0
09:37:06.000    229883325       609100          0102000003617972        300566          700 担保品买入          100             35.4100         部分成交        0               0
09:37:06.000    229883325       609100          0102000003617974        300566          700 担保品买入          200             35.4100         已成            0               0
09:37:06.000    229883327       609102          0104000004127290        300303          700 担保品买入          200             6.4500          部分成交        0               0
09:37:06.000    229883327       609102          0104000004127292        300303          700 担保品买入          12300           6.4500          已成            0               0
09:37:06.000    229883324       609097          2505602                 601888          701 担保品卖出          200             198.3000        已成            0               0
09:37:06.000    233875617       609107          0101000004032849        000975          700 担保品买入          300             18.7400         部分成交        0               0
09:37:06.000    233875617       609107          0101000004032851        000975          700 担保品买入          400             18.7400         部分成交        0               0
09:37:06.000    233875617       609107          0101000004032853        000975          700 担保品买入          100             18.7400         部分成交        0               0
09:37:06.000    233875617       609107          0101000004032855        000975          700 担保品买入          700             18.7500         部分成交        0               0
09:37:06.000    233875617       609107          0101000004032857        000975          700 担保品买入          900             18.7500         已成            0               0
09:37:06.000    237882590       609098          2505406                 603906          701 担保品卖出          600             21.1900         部分成交        0               0
09:37:06.000    237882590       609098          2505407                 603906          701 担保品卖出          100             21.1500         已成            0               0
09:37:06.000    205880102       609101          2506651                 603718          700 担保品买入          1100            39.4000         部分成交        0               0
09:37:06.000    205880102       609101          2506652                 603718          700 担保品买入          300             39.4000         已成            0               0
09:37:06.000    201873543       609112          0101000004034079        300083          700 担保品买入          16900           9.3500          已成            0               0
09:37:06.000    217877759       609108          2508541                 600223          700 担保品买入          500             12.2400         部分成交        0               0
09:37:06.000    217877759       609108          2508542                 600223          700 担保品买入          300             12.2400         部分成交        0               0
09:37:06.000    217877759       609108          2508543                 600223          700 担保品买入          100             12.2400         部分成交        0               0
09:37:06.000    217877759       609108          2508544                 600223          700 担保品买入          100             12.2400         部分成交        0               0
09:37:06.000    217877759       609108          2508545                 600223          700 担保品买入          100             12.2400         部分成交        0               0
09:37:06.000    217877759       609108          2508546                 600223          700 担保品买入          100             12.2400         部分成交        0               0
09:37:06.000    217877759       609108          2508547                 600223          700 担保品买入          100             12.2400         部分成交        0               0
09:37:06.000    217877759       609108          2508548                 600223          700 担保品买入          100             12.2400         部分成交        0               0
09:37:06.000    217877759       609108          2508549                 600223          700 担保品买入          100             12.2400         部分成交        0               0
09:37:06.000    217877759       609108          2508550                 600223          700 担保品买入          100             12.2400         部分成交        0               0
09:37:06.000    217877759       609108          2508551                 600223          700 担保品买入          100             12.2400         部分成交        0               0
09:37:06.000    217877759       609108          2508552                 600223          700 担保品买入          100             12.2400         部分成交        0               0
09:37:06.000    217877759       609108          2508553                 600223          700 担保品买入          100             12.2400         已成            0               0
09:37:06.000    213880171       609110          2509062                 600362          700 担保品买入          500             16.2100         部分成交        0               0
09:37:06.000    213880171       609110          2509063                 600362          700 担保品买入          200             16.2100         部分成交        0               0
09:37:06.000    213880171       609110          2509064                 600362          700 担保品买入          200             16.2100         已成            0               0
09:37:07.000    213880174       609117          0104000004134249        300213          700 担保品买入          7600            9.0200          已成            0               0
09:37:07.000    233875618       609109          2510037                 601038          700 担保品买入          100             11.2700         部分成交        0               0
09:37:07.000    233875615       609092          0102000003626716        300464          701 担保品卖出          100             21.2400         部分成交        0               0
09:37:07.000    233875615       609092          0102000003626932        300464          701 担保品卖出          100             21.2400         部分成交        0               0
09:37:07.000    209876163       609114          0104000004137090        300740          700 担保品买入          600             20.1800         已成            0               0
09:37:07.000    233875618       609109          2511025                 601038          700 担保品买入          1200            11.2700         部分成交        0               0
09:37:07.000    225873972       609105          0104000004137509        000729          700 担保品买入          -15900          7.7600          已撤            0               0
09:37:07.000    205880107       609116          0104000004138020        002204          700 担保品买入          -8500           5.0900          已撤            0               0
09:37:07.000    221884002       609104          2512885                 600285          700 担保品买入          1100            10.4900         部分成交        0               0
09:37:07.000    233875618       609109          WTD:1049000013          601038          700 担保品买入          -1700           11.2700         部撤            0               0
09:37:07.000    221884002       609104          2513518                 600285          700 担保品买入          700             10.4900         部分成交        0               0
09:37:07.000    221884002       609104          2513631                 600285          700 担保品买入          1000            10.4900         已成            0               0
09:37:08.000    201873544       609113          0103000003806959        300181          700 担保品买入          -2800           6.4000          已撤            0               0
09:37:08.000    205880104       609106          0103000003807085        002570          700 担保品买入          -3400           7.9800          已撤            0               0
09:37:08.000    217877755       609093          0101000004048435        300741          701 担保品卖出          -100            61.0500         已撤            0               0
09:37:08.000    221884006       609115          2519020                 600515          700 担保品买入          300             7.6500          已成            0               0
09:37:09.000    229883328       609111          WTD:1049000015          603385          700 担保品买入          -600            18.8600         已撤            0               0
09:37:09.000    233875615       609092          0102000003638370        300464          701 担保品卖出          300             21.2400         已成            0               0
09:37:12.000    201873565       609124          0103000003826037        300095          701 担保品卖出          1100            11.3400         已成            0               0
09:37:12.000    229883346       609128          0101000004071025        002803          700 担保品买入          800             41.3300         已成            0               0
09:37:12.000    205880125       609130          0102000003654431        300566          700 担保品买入          1700            35.4000         已成            0               0
09:37:12.000    233875640       609123          2533859                 600426          701 担保品卖出          100             23.9200         部分成交        0               0
09:37:12.000    233875640       609123          2533860                 600426          701 担保品卖出          900             23.9000         已成            0               0
09:37:12.000    201873566       609132          0103000003829294        002570          700 担保品买入          100             8.0200          部分成交        0               0
09:37:12.000    233875643       609131          0104000004166772        300673          700 担保品买入          300             42.3300         已成            0               0
09:37:12.000    229883347       609137          0103000003829574        300181          700 担保品买入          900             6.4000          已成            0               0
09:37:12.000    209876182       609126          2534836                 603131          701 担保品卖出          100             20.9800         部分成交        0               0
09:37:12.000    209876182       609126          2534837                 603131          701 担保品卖出          200             20.9800         已成            0               0
09:37:12.000    217877784       609136          0101000004073831        300083          700 担保品买入          3200            9.3500          已成            0               0
09:37:12.000    229883349       609139          0104000004168007        300213          700 担保品买入          10600           9.0100          已成            0               0
09:37:12.000    205880124       609127          2535710                 603906          701 担保品卖出          100             21.2700         部分成交        0               0
09:37:12.000    205880124       609127          2535717                 603906          701 担保品卖出          100             21.2700         部分成交        0               0
09:37:12.000    205880124       609127          2535951                 603906          701 担保品卖出          100             21.2700         部分成交        0               0
09:37:12.000    201873566       609132          0103000003829744        002570          700 担保品买入          2900            8.0200          已成            0               0
09:37:13.000    205880123       609125          0101000004076277        300741          701 担保品卖出          100             60.7900         已成            0               0
09:37:13.000    233875645       609135          0102000003661808        002940          700 担保品买入          100             66.1200         已成            0               0
09:37:13.000    233875642       609129          0104000004174818        000729          700 担保品买入          -9800           7.7800          已撤            0               0
09:37:13.000    205880124       609127          WTD:1049000021          603906          701 担保品卖出          -400            21.2700         部撤            0               0
09:37:14.000    221884024       609133          0104000004179843        300118          700 担保品买入          -1900           18.7000         已撤            0               0
09:37:14.000    209876188       609140          0103000003841635        300427          700 担保品买入          -700            20.4300         已撤            0               0
09:37:15.000    217877783       609134          WTD:1049000023          603385          700 担保品买入          -600            18.8600         已撤            0               0
09:37:15.000    205880127       609138          0104000004185165        002204          700 担保品买入          8100            5.1000          部分成交        0               0
09:37:15.000    205880127       609138          0104000004186930        002204          700 担保品买入          800             5.1000          已成            0               0
09:37:16.000    209876189       609141          WTD:1049000024          600131          700 担保品买入          -5300           21.9400         已撤            0               0
09:37:18.000    205880147       609152          0103000003861205        300095          701 担保品卖出          600             11.3500         已成            0               0
09:37:18.000    205880148       609153          0101000004107341        300741          701 担保品卖出          200             60.9100         已成            0               0
09:37:18.000    213880207       609154          0104000004202595        000729          700 担保品买入          2900            7.8100          已成            0               0
09:37:18.000    229883367       609155          0101000004107840        002803          700 担保品买入          800             41.2500         已成            0               0
09:37:18.000    237882619       609156          0104000004202966        300303          700 担保品买入          16800           6.4600          部分成交        0               0
09:37:18.000    237882619       609156          0104000004202968        300303          700 担保品买入          5000            6.4600          部分成交        0               0
09:37:18.000    237882619       609156          0104000004202970        300303          700 担保品买入          800             6.4600          已成            0               0
09:37:18.000    205880149       609157          0102000003687435        300566          700 担保品买入          800             35.3900         部分成交        0               0
09:37:18.000    205880149       609157          0102000003687437        300566          700 担保品买入          1100            35.4000         已成            0               0
09:37:18.000    221884048       609158          0104000004203622        300673          700 担保品买入          200             42.2000         已成            0               0
09:37:18.000    221884043       609147          2561759                 601888          701 担保品卖出          100             197.8600        已成            0               0
09:37:18.000    213880209       609161          0103000003863036        002570          700 担保品买入          7000            8.0400          已成            0               0
09:37:18.000    205880146       609150          2561929                 603131          701 担保品卖出          300             20.9900         部分成交        0               0
09:37:18.000    205880146       609150          2561930                 603131          701 担保品卖出          100             20.9800         已成            0               0
09:37:18.000    213880205       609151          2562086                 603915          701 担保品卖出          100             21.4500         部分成交        0               0
09:37:18.000    217877803       609167          0104000004206662        300213          700 担保品买入          2900            8.9900          部分成交        0               0
09:37:18.000    217877803       609167          0104000004206664        300213          700 担保品买入          4400            8.9900          已成            0               0
09:37:18.000    229883368       609159          2563853                 600285          700 担保品买入          10500           10.5200         已成            0               0
09:37:18.000    201873585       609162          0101000004109699        300083          700 担保品买入          10500           9.3300          已成            0               0
09:37:18.000    201873586       609164          0103000003864412        300181          700 担保品买入          3800            6.4000          已成            0               0
09:37:18.000    201873587       609166          0104000004206323        002204          700 担保品买入          10000           5.1100          已成            0               0
09:37:18.000    201873584       609160          2564435                 603718          700 担保品买入          100             39.4100         部分成交        0               0
09:37:18.000    201873584       609160          2564436                 603718          700 担保品买入          300             39.4200         已成            0               0
09:37:19.000    233875662       609168          0103000003866631        300427          700 担保品买入          200             20.4700         已成            0               0
09:37:18.000    213880205       609151          2565270                 603915          701 担保品卖出          700             21.4400         已成            0               0
09:37:19.000    221884044       609149          2566571                 600426          701 担保品卖出          100             23.8900         部分成交        0               0
09:37:19.000    209876200       609148          WTD:1049000029          603906          701 担保品卖出          -1300           21.2900         已撤            0               0
09:37:20.000    209876202       609165          2569344                 603385          700 担保品买入          1200            18.8900         已成            0               0
09:37:20.000    213880211       609163          0104000004217548        300118          700 担保品买入          -4400           18.7600         已撤            0               0
09:37:20.000    221884044       609149          2570291                 600426          701 担保品卖出          400             23.8900         已成            0               0
09:37:24.000    225874039       609178          0104000004238319        300054          701 担保品卖出          100             18.8400         部分成交        0               0
09:37:24.000    233875675       609179          0103000003893342        300095          701 担保品卖出          1400            11.3400         已成            0               0
09:37:24.000    225874039       609178          0104000004239018        300054          701 担保品卖出          1600            18.8300         已成            0               0
09:37:24.000    225874042       609187          0102000003721695        002940          700 担保品买入          100             66.0800         部分成交        0               0
09:37:24.000    225874042       609187          0102000003722051        002940          700 担保品买入          100             66.1000         已成            0               0
09:37:24.000    217877820       609177          2588093                 603915          701 担保品卖出          200             21.4600         部分成交        0               0
09:37:24.000    217877820       609177          2588094                 603915          701 担保品卖出          800             21.4600         已成            0               0
09:37:24.000    201873606       609180          2589363                 603131          701 担保品卖出          1100            20.9600         已成            0               0
09:37:24.000    209876223       609182          2589640                 601888          701 担保品卖出          200             198.3200        已成            0               0
09:37:24.000    201873607       609185          2590505                 600362          700 担保品买入          1800            16.2200         部分成交        0               0
09:37:24.000    225874044       609194          0104000004243786        300213          700 担保品买入          2300            8.9800          已成            0               0
09:37:24.000    201873607       609185          2590506                 600362          700 担保品买入          800             16.2200         已成            0               0
09:37:24.000    233875680       609195          0103000003897418        300427          700 担保品买入          700             20.4600         已成            0               0
09:37:24.000    213880226       609196          0102000003724479        300566          700 担保品买入          200             35.3400         部分成交        0               0
09:37:24.000    213880226       609196          0102000003724481        300566          700 担保品买入          200             35.4000         部分成交        0               0
09:37:24.000    213880226       609196          0102000003724483        300566          700 担保品买入          7200            35.4000         已成            0               0
09:37:24.000    205880165       609183          2590584                 600426          701 担保品卖出          500             23.8800         已成            0               0
09:37:24.000    217877823       609186          2590630                 603385          700 担保品买入          500             18.9000         部分成交        0               0
09:37:24.000    217877823       609186          2590631                 603385          700 担保品买入          1800            18.9000         已成            0               0
09:37:25.000    201873613       609199          0101000004149755        002803          700 担保品买入          200             41.3300         已成            0               0
09:37:24.000    237882639       609191          2591611                 600515          700 担保品买入          900             7.6400          部分成交        0               0
09:37:24.000    229883382       609190          2591610                 600131          700 担保品买入          2800            22.0700         已成            0               0
09:37:24.000    237882639       609191          2591612                 600515          700 担保品买入          800             7.6400          部分成交        0               0
09:37:24.000    237882639       609191          2591613                 600515          700 担保品买入          100             7.6400          部分成交        0               0
09:37:24.000    217877822       609181          2591871                 603906          701 担保品卖出          300             21.3100         已成            0               0
09:37:25.000    213880229       609201          0104000004248174        300118          700 担保品买入          4300            18.8100         已成            0               0
09:37:25.000    229883384       609193          0104000004248567        002204          700 担保品买入          300             5.0900          部分成交        0               0
09:37:25.000    229883384       609193          0104000004249953        002204          700 担保品买入          -8700           5.0900          部撤            0               0
09:37:25.000    237882639       609191          2593852                 600515          700 担保品买入          1000            7.6400          部分成交        0               0
09:37:25.000    213880225       609192          WTD:1049000047          600597          700 担保品买入          -1000           16.3600         已撤            0               0
09:37:26.000    221884064       609188          0101000004155712        300083          700 担保品买入          600             9.3100          部分成交        0               0
09:37:26.000    221884064       609188          0101000004156186        300083          700 担保品买入          3000            9.3100          部分成交        0               0
09:37:26.000    221884064       609188          0101000004156225        300083          700 担保品买入          500             9.3100          部分成交        0               0
09:37:26.000    237882639       609191          2596421                 600515          700 担保品买入          1900            7.6400          部分成交        0               0
09:37:26.000    221884064       609188          0101000004156634        300083          700 担保品买入          100             9.3100          部分成交        0               0
09:37:26.000    221884064       609188          0101000004156902        300083          700 担保品买入          300             9.3100          部分成交        0               0
09:37:26.000    221884064       609188          0101000004158213        300083          700 担保品买入          -8200           9.3100          部撤            0               0
09:37:26.000    205880166       609189          0103000003907096        300181          700 担保品买入          -6500           6.4000          已撤            0               0
09:37:26.000    225874045       609197          0104000004255661        300673          700 担保品买入          -200            42.1900         已撤            0               0
09:37:26.000    233875676       609184          WTD:1049000041          600223          700 担保品买入          -4100           12.2500         已撤            0               0
09:37:26.000    205880169       609202          0103000003907879        002570          700 担保品买入          -4000           8.0100          已撤            0               0
09:37:27.000    237882639       609191          2599928                 600515          700 担保品买入          2100            7.6400          已成            0               0
09:37:27.000    233875682       609198          0104000004261438        000729          700 担保品买入          2200            7.8300          部分成交        0               0
09:37:27.000    233875682       609198          0104000004261555        000729          700 担保品买入          600             7.8300          已成            0               0
09:37:28.000    205880168       609200          0104000004267157        300303          700 担保品买入          400             6.4600          部分成交        0               0
09:37:28.000    205880168       609200          0104000004268516        300303          700 担保品买入          1900            6.4600          部分成交        0               0
09:37:29.000    205880168       609200          0104000004271539        300303          700 担保品买入          -14700          6.4600          部撤            0               0
09:37:30.000    201873629       609216          0104000004276245        300054          701 担保品卖出          1400            18.8300         部分成交        0               0
09:37:30.000    201873629       609216          0104000004276247        300054          701 担保品卖出          300             18.8300         已成            0               0
09:37:30.000    217877844       609218          0101000004177857        300741          701 担保品卖出          200             60.8900         已成            0               0
09:37:30.000    209876242       609213          2612788                 601888          701 担保品卖出          100             198.2900        已成            0               0
09:37:30.000    209876245       609221          0101000004178658        000975          700 担保品买入          700             18.8600         部分成交        0               0
09:37:30.000    209876245       609221          0101000004178660        000975          700 担保品买入          1000            18.8700         部分成交        0               0
09:37:30.000    209876245       609221          0101000004178662        000975          700 担保品买入          900             18.8800         部分成交        0               0
09:37:30.000    209876245       609221          0101000004178664        000975          700 担保品买入          100             18.8900         部分成交        0               0
09:37:30.000    209876245       609221          0101000004178666        000975          700 担保品买入          8600            18.9000         已成            0               0
09:37:30.000    209876247       609222          0101000004179206        002328          700 担保品买入          6600            6.1300          已成            0               0
09:37:30.000    209876248       609223          0104000004278640        300118          700 担保品买入          4600            18.8000         已成            0               0
09:37:31.000    205880178       609226          0101000004181337        300083          700 担保品买入          18600           9.3200          部分成交        0               0
09:37:31.000    205880178       609226          0101000004181339        300083          700 担保品买入          1000            9.3200          部分成交        0               0
09:37:31.000    217877849       609227          0103000003928793        300181          700 担保品买入          6500            6.4200          已成            0               0
09:37:30.000    217877845       609220          2615174                 603915          701 担保品卖出          900             21.4700         已成            0               0
09:37:31.000    229883399       609224          2616839                 603385          700 担保品买入          2500            18.8600         已成            0               0
09:37:31.000    205880178       609226          0101000004181998        300083          700 担保品买入          2600            9.3200          已成            0               0
09:37:31.000    209876250       609228          0103000003931489        300427          700 担保品买入          1300            20.4700         已成            0               0
09:37:31.000    233875700       609215          0101000004186345        000600          701 担保品卖出          -6200           5.8500          已撤            0               0
09:37:32.000    225874061       609214          WTD:1049000052          603906          701 担保品卖出          -1300           21.4400         已撤            0               0
09:37:32.000    209876243       609217          0103000003935237        300095          701 担保品卖出          900             11.3300         已成            0               0
09:37:32.000    229883400       609225          0102000003763482        002940          700 担保品买入          -400            66.0300         已撤            0               0
09:37:33.000    201873630       609219          WTD:1049000053          603131          701 担保品卖出          -100            21.0700         已撤            0               0
09:37:36.000    221884096       609245          0101000004212869        300741          701 担保品卖出          200             60.7600         已成            0               0
09:37:36.000    205880193       609243          2639971                 603915          701 担保品卖出          200             21.4500         部分成交        0               0
09:37:36.000    205880193       609243          2639972                 603915          701 担保品卖出          600             21.4300         已成            0               0
09:37:37.000    225874079       609246          2640418                 601888          701 担保品卖出          200             198.3300        部分成交        0               0
09:37:37.000    225874079       609246          2640419                 601888          701 担保品卖出          100             198.3200        已成            0               0
09:37:37.000    225874081       609249          0103000003961236        300181          700 担保品买入          4000            6.4200          部分成交        0               0
09:37:37.000    225874081       609249          0103000003961238        300181          700 担保品买入          2500            6.4200          已成            0               0
09:37:37.000    201873647       609247          2640836                 603906          701 担保品卖出          700             21.2800         已成            0               0
09:37:37.000    229883416       609248          2641640                 603385          700 担保品买入          700             18.8900         部分成交        0               0
09:37:37.000    229883416       609248          2642687                 603385          700 担保品买入          500             18.8900         已成            0               0
09:37:37.000    205880200       609255          0103000003964181        300427          700 担保品买入          1100            20.4600         已成            0               0
09:37:37.000    229883418       609252          2642843                 600597          700 担保品买入          2200            16.4200         已成            0               0
09:37:38.000    213880265       609257          0101000004219351        002803          700 担保品买入          300             41.3300         已成            0               0
09:37:38.000    225874078       609242          WTD:1049000058          603131          701 担保品卖出          -200            21.0600         已撤            0               0
09:37:38.000    213880258       609244          0103000003969104        300095          701 担保品卖出          -800            11.3200         已撤            0               0
09:37:41.000    205880201       609260          0102000003809763        300566          700 担保品买入          -100            35.4300         已撤            0               0
09:37:42.000    213880281       609271          0101000004248457        000600          701 担保品卖出          7100            5.8500          部分成交        0               0
09:37:42.000    213880281       609271          0101000004248459        000600          701 担保品卖出          1400            5.8500          部分成交        0               0
09:37:42.000    213880281       609271          0101000004248461        000600          701 担保品卖出          1200            5.8500          部分成交        0               0
09:37:42.000    213880281       609271          0101000004248463        000600          701 担保品卖出          1200            5.8500          部分成交        0               0
09:37:42.000    213880281       609271          0101000004248465        000600          701 担保品卖出          500             5.8500          部分成交        0               0
09:37:42.000    213880281       609271          0101000004248467        000600          701 担保品卖出          2400            5.8400          已成            0               0
09:37:43.000    233875731       609272          0103000003993036        300095          701 担保品卖出          1700            11.2700         已成            0               0
09:37:43.000    209876275       609273          0101000004249611        300741          701 担保品卖出          100             60.7600         已成            0               0
09:37:43.000    229883434       609278          0103000003994760        002570          700 担保品买入          100             7.9900          部分成交        0               0
09:37:43.000    229883434       609278          0103000003994762        002570          700 担保品买入          1700            8.0000          部分成交        0               0
09:37:43.000    229883434       609278          0103000003994764        002570          700 担保品买入          800             8.0000          已成            0               0
09:37:43.000    209876276       609275          2671143                 601888          701 担保品卖出          100             197.8800        已成            0               0
09:37:44.000    201873664       609285          0102000003824167        002940          700 担保品买入          300             65.9300         已成            0               0
09:37:44.000    217877879       609274          WTD:1049000065          603131          701 担保品卖出          -400            21.0400         已撤            0               0
09:37:44.000    217877880       609276          WTD:1049000067          603906          701 担保品卖出          -500            21.3300         已撤            0               0
09:37:44.000    225874092       609284          2674152                 603385          700 担保品买入          300             18.9000         已成            0               0
09:37:46.000    229883435       609280          0101000004270420        000975          700 担保品买入          -4600           18.7800         已撤            0               0
09:37:49.000    221884122       609296          0104000004390292        300054          701 担保品卖出          1500            18.8000         已成            0               0
09:37:49.000    205880228       609300          0103000004029354        300095          701 担保品卖出          1100            11.2700         已成            0               0
09:37:49.000    213880293       609303          0102000003855232        002940          700 担保品买入          300             65.9200         已成            0               0
09:37:49.000    229883442       609307          0103000004031241        300181          700 担保品买入          7900            6.4100          已成            0               0
09:37:49.000    221884124       609306          0101000004288110        300083          700 担保品买入          2100            9.2900          部分成交        0               0
09:37:49.000    221884124       609306          0101000004289060        300083          700 担保品买入          2000            9.2900          部分成交        0               0
09:37:50.000    221884124       609306          0101000004289494        300083          700 担保品买入          300             9.2900          已成            0               0
09:37:50.000    209876290       609309          2705457                 603385          700 担保品买入          600             18.9200         已成            0               0
09:37:51.000    201873680       609299          0101000004294291        300741          701 担保品卖出          -100            60.8900         已撤            0               0
09:37:51.000    225874109       609298          0102000003864339        000566          701 担保品卖出          300             9.5800          部分成交        0               0
09:37:51.000    225874109       609298          0102000003865816        000566          701 担保品卖出          700             9.5800          部分成交        0               0
09:37:51.000    225874109       609298          0102000003866526        000566          701 担保品卖出          6800            9.5800          已成            0               0
09:37:52.000    229883441       609302          WTD:1049000071          603906          701 担保品卖出          -400            21.2600         已撤            0               0
09:37:55.000    217877909       609327          0101000004316279        000600          701 担保品卖出          2000            5.8500          部分成交        0               0
09:37:55.000    217877909       609327          0101000004316281        000600          701 担保品卖出          1300            5.8400          已成            0               0
09:37:55.000    209876304       609325          2725662                 603906          701 担保品卖出          400             21.2200         已成            0               0
09:37:55.000    209876306       609334          0101000004318040        002328          700 担保品买入          6400            6.1300          已成            0               0
09:37:56.000    217877911       609335          0103000004061117        002570          700 担保品买入          3100            7.9800          部分成交        0               0
09:37:56.000    233875765       609339          0103000004061881        300181          700 担保品买入          600             6.4000          部分成交        0               0
09:37:56.000    233875765       609339          0103000004061883        300181          700 担保品买入          1700            6.4100          已成            0               0
09:37:56.000    217877911       609335          0103000004062090        002570          700 担保品买入          300             7.9800          已成            0               0
09:37:57.000    233875764       609332          0103000004066911        300095          701 担保品卖出          -9500           11.2900         已撤            0               0
09:37:57.000    225874124       609330          WTD:1049000076          603915          701 担保品卖出          -1700           21.3500         已撤            0               0
09:37:58.000    225874125       609337          0101000004330488        000975          700 担保品买入          -1500           18.8100         已撤            0               0
09:37:58.000    217877910       609328          WTD:1049000075          603131          701 担保品卖出          -300            21.0400         已撤            0               0
09:37:59.000    201873695       609333          0101000004336023        300741          701 担保品卖出          200             60.8800         已成            0               0
09:38:01.000    237882729       609389          0101000004346653        300741          701 担保品卖出          100             60.8100         已成            0               0
09:38:02.000    237882730       609392          0103000004089309        300095          701 担保品卖出          8500            11.2800         已成            0               0
09:38:02.000    209876323       609390          2749870                 603131          701 担保品卖出          400             20.9500         部分成交        0               0
09:38:02.000    237882731       609394          0103000004090621        300181          700 担保品买入          2700            6.4000          已成            0               0
09:38:03.000    229883473       609400          2753980                 600362          700 担保品买入          4300            16.1800         部分成交        0               0
09:38:03.000    229883473       609400          2753981                 600362          700 担保品买入          200             16.1900         已成            0               0
09:38:03.000    209876327       609409          0103000004095360        300427          700 担保品买入          500             20.3800         部分成交        0               0
09:38:03.000    209876327       609409          0103000004095362        300427          700 担保品买入          500             20.4000         已成            0               0
09:38:03.000    229883470       609391          2757270                 603915          701 担保品卖出          200             21.2600         部分成交        0               0
09:38:04.000    209876323       609390          2758638                 603131          701 担保品卖出          200             20.9300         已成            0               0
09:38:04.000    229883480       609418          2760410                 603718          700 担保品买入          300             39.6300         已成            0               0
09:38:05.000    209876330       609425          0101000004364028        002803          700 担保品买入          300             41.3600         已成            0               0
09:38:05.000    229883470       609391          2763086                 603915          701 担保品卖出          1500            21.2600         已成            0               0
09:38:05.000    221884150       609398          WTD:1049000082          600223          700 担保品买入          -2000           12.3500         已撤            0               0
09:38:06.000    221884149       609393          WTD:1049000081          603906          701 担保品卖出          -200            21.2400         已撤            0               0
09:38:08.000    233875787       609429          2773249                 603385          700 担保品买入          1590            19.0000         部分成交        0               0
09:38:08.000    233875787       609429          2773250                 603385          700 担保品买入          650             19.0000         部分成交        0               0
09:38:08.000    233875787       609429          2773251                 603385          700 担保品买入          260             19.0100         已成            0               0
09:38:13.000    217877939       609430          0104000004517569        300213          700 担保品买入          900             8.9200          已成            0               0
09:38:28.000    225874169       609439          0103000004208090        300095          701 担保品卖出          1700            11.3200         已成            0               0
09:38:29.000    217877957       609445          0102000004033116        300566          700 担保品买入          200             35.2600         已成            0               0
09:38:30.000    233875807       609443          WTD:1049000089          603385          700 担保品买入          -200            19.1700         已撤            0               0
09:38:34.000    209876374       609448          0104000004619895        300054          701 担保品卖出          1000            18.7900         已成            0               0
09:38:34.000    233875815       609449          0103000004231368        300095          701 担保品卖出          1700            11.3600         已成            0               0
09:38:34.000    213880358       609453          0103000004232390        002570          700 担保品买入          4000            8.0000          已成            0               0
09:38:34.000    229883516       609451          2863537                 603131          701 担保品卖出          500             20.8700         已成            0               0
09:38:35.000    237882772       609458          0102000004057138        300566          700 担保品买入          300             35.1900         已成            0               0
09:38:35.000    221884193       609456          0102000004058678        002940          700 担保品买入          -200            65.5300         已撤            0               0
09:38:35.000    213880357       609450          0101000004503254        300741          701 担保品卖出          -100            60.9300         已撤            0               0
09:38:40.000    221884204       609468          0103000004256288        300095          701 担保品卖出          4200            11.4000         已成            0               0
09:38:40.000    233875822       609467          0104000004648107        300054          701 担保品卖出          1000            18.7800         已成            0               0
09:38:40.000    209876378       609464          2882494                 603906          701 担保品卖出          400             21.2200         部分成交        0               0
09:38:40.000    209876378       609464          2882495                 603906          701 担保品卖出          300             21.2100         已成            0               0
09:38:40.000    205880304       609465          2882527                 603131          701 担保品卖出          100             20.9000         已成            0               0
09:38:41.000    221884203       609466          2885162                 603915          701 担保品卖出          48              21.1800         部分成交        0               0
09:38:41.000    229883526       609469          0101000004530371        300741          701 担保品卖出          -100            60.8700         已撤            0               0
09:38:42.000    221884203       609466          WTD:1049000094          603915          701 担保品卖出          -752            21.1800         部撤            0               0
09:38:42.000    233875823       609472          WTD:1049000095          603385          700 担保品买入          -400            19.2200         已撤            0               0
09:38:43.000    209876379       609470          0101000004539198        000975          700 担保品买入          -4300           18.9000         已撤            0               0
09:38:43.000    225874185       609471          0101000004539203        002328          700 担保品买入          -1700           6.1200          已撤            0               0
09:38:46.000    201873770       609485          0101000004551575        000600          701 担保品卖出          1600            5.8400          已成            0               0
09:38:46.000    213880376       609490          0103000004283254        300095          701 担保品卖出          5600            11.4500         部分成交        0               0
09:38:46.000    213880376       609490          0103000004283256        300095          701 担保品卖出          1100            11.4500         部分成交        0               0
09:38:46.000    213880376       609490          0103000004283258        300095          701 担保品卖出          2400            11.4400         部分成交        0               0
09:38:46.000    213880376       609490          0103000004283260        300095          701 担保品卖出          300             11.4300         已成            0               0
09:38:46.000    233875834       609493          0104000004677621        000729          700 担保品买入          100             7.7900          部分成交        0               0
09:38:46.000    233875834       609493          0104000004677623        000729          700 担保品买入          100             7.7900          部分成交        0               0
09:38:46.000    233875834       609493          0104000004677625        000729          700 担保品买入          400             7.8000          部分成交        0               0
09:38:46.000    233875834       609493          0104000004677627        000729          700 担保品买入          200             7.8000          部分成交        0               0
09:38:46.000    233875834       609493          0104000004677629        000729          700 担保品买入          200             7.8000          部分成交        0               0
09:38:46.000    233875834       609493          0104000004677631        000729          700 担保品买入          500             7.8000          部分成交        0               0
09:38:46.000    233875834       609493          0104000004677633        000729          700 担保品买入          100             7.8000          部分成交        0               0
09:38:46.000    233875834       609493          0104000004677635        000729          700 担保品买入          3500            7.8000          已成            0               0
09:38:47.000    205880310       609494          0101000004553472        002803          700 担保品买入          200             41.2000         已成            0               0
09:38:47.000    213880377       609495          0104000004678151        300303          700 担保品买入          13100           6.5000          已成            0               0
09:38:46.000    217877980       609487          2903357                 603131          701 担保品卖出          100             20.9200         部分成交        0               0
09:38:46.000    225874194       609488          2903409                 603915          701 担保品卖出          800             21.1200         已成            0               0
09:38:46.000    217877980       609487          2903358                 603131          701 担保品卖出          200             20.9100         已成            0               0
09:38:47.000    221884210       609496          0102000004106544        300566          700 担保品买入          400             35.1100         已成            0               0
09:38:46.000    209876390       609491          2903902                 600285          700 担保品买入          1600            10.5600         已成            0               0
09:38:47.000    237882788       609497          0104000004678660        300673          700 担保品买入          100             42.9500         部分成交        0               0
09:38:47.000    237882788       609497          0104000004678680        300673          700 担保品买入          100             42.9600         部分成交        0               0
09:38:47.000    237882788       609497          0104000004678683        300673          700 担保品买入          100             42.9600         部分成交        0               0
09:38:47.000    237882788       609497          0104000004678686        300673          700 担保品买入          200             42.9600         已成            0               0
09:38:47.000    205880311       609498          0104000004679256        300118          700 担保品买入          100             18.7000         部分成交        0               0
09:38:47.000    205880311       609498          0104000004679258        300118          700 担保品买入          100             18.7000         部分成交        0               0
09:38:47.000    205880311       609498          0104000004679260        300118          700 担保品买入          1400            18.7200         已成            0               0
09:38:47.000    233875833       609489          0104000004680951        300054          701 担保品卖出          -2100           18.8000         已撤            0               0
09:38:47.000    213880378       609499          2905845                 603385          700 担保品买入          600             19.3500         已成            0               0
09:38:48.000    209876389       609486          0101000004557270        300741          701 担保品卖出          -100            60.8600         已撤            0               0
09:38:48.000    225874195       609492          WTD:1049000102          603718          700 担保品买入          -400            39.0300         已撤            0               0
09:38:50.000    233875832       609484          2914791                 603906          701 担保品卖出          400             21.2900         已成            0               0
09:38:53.000    237882803       609514          0101000004579490        300741          701 担保品卖出          100             60.5800         已成            0               0
09:38:53.000    221884227       609512          2923319                 603915          701 担保品卖出          600             21.1200         已成            0               0
09:38:53.000    229883547       609516          0103000004309060        300427          700 担保品买入          1000            20.4000         部分成交        0               0
09:38:53.000    229883547       609516          0103000004309062        300427          700 担保品买入          100             20.4000         已成            0               0
09:38:54.000    237882804       609517          WTD:1049000108          603718          700 担保品买入          -500            39.0800         已撤            0               0
09:38:56.000    229883546       609513          0104000004723815        300054          701 担保品卖出          -600            18.7700         已撤            0               0
09:38:56.000    205880324       609515          WTD:1049000107          603906          701 担保品卖出          -400            21.2800         已撤            0               0
09:38:59.000    217877997       609555          0104000004736952        300054          701 担保品卖出          2500            18.7500         已成            0               0
09:38:59.000    201873790       609556          0104000004737415        002204          700 担保品买入          7200            5.1300          部分成交        0               0
09:38:59.000    201873790       609556          0104000004737417        002204          700 担保品买入          600             5.1300          部分成交        0               0
09:38:59.000    201873790       609556          0104000004737419        002204          700 担保品买入          3600            5.1300          已成            0               0
09:38:59.000    209876410       609554          2943623                 603131          701 担保品卖出          1800            20.9500         已成            0               0
09:39:00.000    201873791       609558          0102000004154987        300566          700 担保品买入          300             35.1300         已成            0               0
09:39:00.000    209876412       609559          0104000004739664        300673          700 担保品买入          100             42.7800         部分成交        0               0
09:39:00.000    209876412       609559          0104000004739693        300673          700 担保品买入          100             42.7800         部分成交        0               0
09:39:00.000    209876412       609559          0104000004739696        300673          700 担保品买入          300             42.7800         已成            0               0
09:39:00.000    217877998       609557          0101000004609983        002803          700 担保品买入          100             41.1200         部分成交        0               0
09:39:00.000    217877998       609557          0101000004610704        002803          700 担保品买入          100             41.1200         已成            0               0
09:39:00.000    217878000       609560          0102000004157320        002940          700 担保品买入          100             66.0400         已成            0               0
09:39:27.000    217878051       609615          3057534                 603906          701 担保品卖出          100             21.2100         已成            0               0
09:39:33.000    233875911       609625          0101000004775092        300741          701 担保品卖出          100             60.4600         已成            0               0
09:39:33.000    201873846       609626          0104000004907986        300213          700 担保品买入          300             8.9600          已成            0               0
09:39:34.000    225874285       609624          WTD:1049000113          603906          701 担保品卖出          -200            21.1800         已撤            0               0
09:39:34.000    205880384       609627          3083920                 603385          700 担保品买入          200             19.1400         已成            0               0
09:39:39.000    213880445       609635          0101000004802377        300741          701 担保品卖出          500             60.3800         已成            0               0
09:39:39.000    205880387       609638          0104000004935667        300673          700 担保品买入          200             42.6300         已成            0               0
09:39:39.000    221884280       609636          3099651                 603906          701 担保品卖出          200             21.1300         部分成交        0               0
09:39:39.000    221884280       609636          3099652                 603906          701 担保品卖出          1100            21.1300         部分成交        0               0
09:39:39.000    221884280       609636          3099653                 603906          701 担保品卖出          300             21.1100         部分成交        0               0
09:39:39.000    221884280       609636          3099654                 603906          701 担保品卖出          600             21.1100         已成            0               0
09:39:39.000    229883601       609640          0103000004518302        300181          700 担保品买入          600             6.3800          已成            0               0
09:39:39.000    213880446       609639          3100331                 603718          700 担保品买入          300             39.0800         已成            0               0
09:39:39.000    237882872       609637          0101000004806802        002803          700 担保品买入          100             41.0600         已成            0               0
09:39:40.000    225874295       609643          0103000004520372        300427          700 担保品买入          900             20.3300         已成            0               0
09:39:40.000    201873857       609642          0104000004939791        300213          700 担保品买入          1000            8.9600          已成            0               0
09:39:40.000    225874294       609641          3103109                 603385          700 担保品买入          1200            19.1200         已成            0               0
09:39:45.000    201873865       609660          3118935                 603131          701 担保品卖出          500             20.8600         已成            0               0
09:39:45.000    201873866       609662          0104000004964337        300673          700 担保品买入          100             42.5600         已成            0               0
09:39:46.000    209876483       609661          WTD:1049000120          603906          701 担保品卖出          -2000           21.1700         已撤            0               0
09:39:47.000    221884285       609663          0102000004360676        002940          700 担保品买入          100             65.7600         已成            0               0
09:39:51.000    233875936       609683          3138949                 603131          701 担保品卖出          500             20.8500         已成            0               0
09:39:51.000    225874307       609682          3138720                 603906          701 担保品卖出          500             21.1200         部分成交        0               0
09:39:51.000    225874307       609682          3138721                 603906          701 担保品卖出          400             21.1100         已成            0               0
09:39:52.000    225874308       609684          0101000004860269        002803          700 担保品买入          100             40.9600         已成            0               0
09:39:52.000    221884292       609686          3142128                 603718          700 担保品买入          100             39.0400         已成            0               0
09:39:53.000    201873873       609685          0104000004997958        300673          700 担保品买入          -200            42.4100         已撤            0               0
09:39:57.000    229883615       609712          3160507                 603131          701 担保品卖出          700             20.8500         已成            0               0
09:39:58.000    229883618       609716          0101000004892251        002803          700 担保品买入          100             41.0000         已成            0               0
09:39:58.000    205880405       609717          3165227                 600223          700 担保品买入          1700            12.3400         已成            0               0
09:39:59.000    213880468       609713          0104000005025817        300673          700 担保品买入          100             42.4300         已成            0               0
09:39:59.000    217878090       609715          0102000004417084        002940          700 担保品买入          100             65.7100         已成            0               0
09:40:03.000    209876499       609759          3187353                 603131          701 担保品卖出          100             20.8400         部分成交        0               0
09:40:05.000    233875942       609758          0101000004932078        300741          701 担保品卖出          100             60.3200         已成            0               0
09:40:06.000    209876499       609759          WTD:1049000127          603131          701 担保品卖出          -300            20.8400         部撤            0               0
09:40:09.000    205880423       609764          0101000004958885        002803          700 担保品买入          100             41.0100         已成            0               0
09:40:20.000    209876525       609777          0101000005022592        002328          700 担保品买入          200             6.1300          已成            0               0
09:40:31.000    209876548       609797          0101000005086468        300741          701 担保品卖出          100             60.4900         已成            0               0
09:40:31.000    201873920       609798          0101000005089095        002803          700 担保品买入          100             40.9200         已成            0               0
09:40:32.000    209876549       609799          0104000005221854        300673          700 担保品买入          -100            42.1100         已撤            0               0
09:40:43.000    205880477       609839          0101000005150703        002803          700 担保品买入          100             40.8000         已成            0               0
09:40:44.000    205880476       609838          0101000005155016        300741          701 担保品卖出          -100            60.7800         已撤            0               0
09:40:46.000    209876562       609837          WTD:1049000129          603906          701 担保品卖出          -400            21.1900         已撤            0               0
09:40:49.000    221884365       609865          0101000005180128        300741          701 担保品卖出          100             60.7000         已成            0               0
09:40:49.000    237882970       609867          0101000005180645        002803          700 担保品买入          100             40.6500         已成            0               0
09:40:49.000    213880541       609864          3374098                 603131          701 担保品卖出          200             21.1200         已成            0               0
09:40:49.000    229883694       609866          3374267                 603906          701 担保品卖出          1000            21.1000         已成            0               0
09:40:49.000    225874398       609869          0102000004688012        002940          700 担保品买入          100             66.1600         已成            0               0
09:40:49.000    237882971       609868          3375709                 603718          700 担保品买入          400             39.0500         已成            0               0
09:40:55.000    225874402       609883          3394802                 603906          701 担保品卖出          400             21.0700         部分成交        0               0
09:40:55.000    201873947       609884          3394966                 603131          701 担保品卖出          100             21.1400         部分成交        0               0
09:40:55.000    201873947       609884          3394967                 603131          701 担保品卖出          300             21.1400         已成            0               0
09:40:56.000    217878182       609887          0102000004714547        002940          700 担保品买入          100             66.2000         已成            0               0
09:40:58.000    225874403       609888          0103000004906345        300427          700 担保品买入          600             20.2500         已成            0               0
09:40:58.000    225874402       609883          WTD:1049000134          603906          701 担保品卖出          -1000           21.0600         部撤            0               0
09:41:01.000    209876584       609918          0101000005236904        300741          701 担保品卖出          400             60.8200         已成            0               0
09:41:02.000    209876585       609922          0101000005238631        002803          700 担保品买入          100             40.5400         已成            0               0
09:41:02.000    217878189       609919          3415988                 603131          701 担保品卖出          400             21.1700         已成            0               0
09:41:02.000    225874412       609924          0102000004741379        300566          700 担保品买入          100             34.8600         已成            0               0
09:41:03.000    201873954       609921          0103000004927076        300427          700 担保品买入          -700            20.2300         已撤            0               0
09:41:03.000    221884378       609925          0102000004744153        002940          700 担保品买入          100             66.3000         已成            0               0
09:41:03.000    229883708       609926          3420594                 600362          700 担保品买入          100             16.1300         部分成交        0               0
09:41:03.000    229883708       609926          3420595                 600362          700 担保品买入          100             16.1300         已成            0               0
09:41:03.000    237882985       609928          3421015                 603385          700 担保品买入          100             19.0400         部分成交        0               0
09:41:03.000    237882985       609928          3421016                 603385          700 担保品买入          300             19.0600         已成            0               0
09:41:04.000    229883707       609920          WTD:1049000138          603906          701 担保品卖出          -1800           21.0600         已撤            0               0
09:41:08.000    201873960       609936          3438837                 603385          700 担保品买入          300             19.0600         已成            0               0
09:41:13.000    233876036       609937          0101000005294461        002803          700 担保品买入          100             40.5400         已成            0               0
09:41:26.000    225874433       609941          WTD:1049000143          603906          701 担保品卖出          -600            21.1000         已撤            0               0
09:41:30.000    205880523       609945          3516278                 603906          701 担保品卖出          400             21.0600         已成            0               0
09:41:32.000    213880572       609946          0101000005380069        300741          701 担保品卖出          -100            60.6100         已撤            0               0
09:41:33.000    217878220       609949          0104000005519704        300673          700 担保品买入          100             41.8300         已成            0               0
09:41:36.000    201873994       609951          3535005                 603906          701 担保品卖出          400             21.0600         已成            0               0
09:41:37.000    213880580       609953          0102000004891240        002940          700 担保品买入          100             66.2700         已成            0               0
09:41:38.000    233876062       609950          0101000005405400        300741          701 担保品卖出          -100            60.4900         已撤            0               0
09:41:39.000    221884407       609952          WTD:1049000147          603385          700 担保品买入          -300            18.8900         已撤            0               0
09:41:43.000    201874001       609962          WTD:1049000149          603906          701 担保品卖出          -1000           21.0900         已撤            0               0
09:41:44.000    213880586       609963          0102000004921351        002940          700 担保品买入          -100            66.3000         已撤            0               0
09:41:49.000    233876078       609983          0104000005591583        300673          700 担保品买入          100             41.9900         已成            0               0
09:41:48.000    225874461       609982          3574687                 603906          701 担保品卖出          700             21.0600         已成            0               0
09:41:50.000    217878239       609984          0104000005597158        300118          700 担保品买入          -300            18.7200         已撤            0               0
09:41:50.000    225874462       609985          0102000004946240        002940          700 担保品买入          -100            66.3400         已撤            0               0
09:41:54.000    205880542       610008          0101000005476906        300741          701 担保品卖出          400             60.5700         已成            0               0
09:41:55.000    237883020       610007          3593429                 603906          701 担保品卖出          400             21.0600         已成            0               0
09:41:55.000    237883022       610009          0101000005479925        002803          700 担保品买入          200             40.6400         已成            0               0
09:41:55.000    229883753       610012          3595733                 603385          700 担保品买入          500             18.9400         部分成交        0               0
09:41:56.000    205880544       610010          0102000004970052        300566          700 担保品买入          -300            34.7700         已撤            0               0
09:41:56.000    213880594       610011          0104000005627112        300673          700 担保品买入          -100            41.8900         已撤            0               0
09:41:56.000    229883753       610012          3597143                 603385          700 担保品买入          500             18.9400         已成            0               0
09:41:57.000    237883023       610013          0104000005630446        300213          700 担保品买入          200             8.9900          部分成交        0               0
09:41:58.000    237883023       610013          0104000005636417        300213          700 担保品买入          500             8.9900          已成            0               0
09:42:01.000    221884430       610052          0101000005505403        300741          701 担保品卖出          100             60.6600         已成            0               0
09:42:01.000    217878250       610053          3613635                 603906          701 担保品卖出          400             21.0600         已成            0               0
09:42:02.000    213880603       610055          0104000005654807        300673          700 担保品买入          100             42.0300         已成            0               0
09:42:02.000    225874474       610056          0101000005511072        002803          700 担保品买入          -100            40.6700         已撤            0               0
09:42:02.000    205880553       610054          0102000004995070        002940          700 担保品买入          -300            66.4300         已撤            0               0
09:42:08.000    225874482       610057          0104000005687425        300213          700 担保品买入          -400            8.9800          已撤            0               0
09:42:12.000    201874042       610060          0101000005556409        300741          701 担保品卖出          100             60.9000         已成            0               0
09:42:13.000    229883773       610062          0104000005708771        300673          700 担保品买入          100             42.0600         已成            0               0
09:42:13.000    217878264       610061          0104000005711004        300118          700 担保品买入          1100            18.7600         已成            0               0
09:42:19.000    209876669       610065          0104000005733913        300673          700 担保品买入          100             42.0800         已成            0               0
09:42:24.000    213880628       610067          0101000005602747        300741          701 担保品卖出          100             60.9900         已成            0               0
09:42:24.000    205880579       610069          0101000005604477        002328          700 担保品买入          300             6.1000          已成            0               0
09:42:25.000    221884455       610068          3690246                 603718          700 担保品买入          200             38.6400         已成            0               0
09:42:36.000    209876680       610075          0101000005652492        300741          701 担保品卖出          200             61.0700         已成            0               0
09:42:36.000    201874066       610076          0102000005125898        002940          700 担保品买入          200             66.5800         已成            0               0
09:42:53.000    213880697       610100          3774335                 603906          701 担保品卖出          400             21.1100         部分成交        0               0
09:42:53.000    213880697       610100          3774336                 603906          701 担保品卖出          200             21.1100         已成            0               0
09:42:54.000    221884518       610101          0101000005723882        002803          700 担保品买入          200             40.3300         已成            0               0
09:43:00.000    221884528       610135          3791642                 603906          701 担保品卖出          600             21.1000         已成            0               0
09:43:01.000    221884531       610138          0101000005749088        002803          700 担保品买入          100             40.4200         已成            0               0
09:43:06.000    201874147       610143          0103000005452756        300181          700 担保品买入          500             6.3900          已成            0               0
09:43:07.000    221884540       610142          0103000005457256        002570          700 担保品买入          700             8.0100          已成            0               0
09:43:11.000    213880730       610144          0104000005973069        300673          700 担保品买入          100             41.8500         已成            0               0
09:43:48.000    213880789       610176          3934008                 603131          701 担保品卖出          500             21.2000         部分成交        0               0
09:43:48.000    221884609       610177          0104000006133927        300673          700 担保品买入          200             41.8000         已成            0               0
09:43:51.000    213880789       610176          WTD:1049000158          603131          701 担保品卖出          -500            21.1900         部撤            0               0
09:43:54.000    237883199       610192          3952149                 603131          701 担保品卖出          400             21.1500         部分成交        0               0
09:43:54.000    237883199       610192          3952150                 603131          701 担保品卖出          100             21.1500         已成            0               0
09:43:55.000    213880802       610193          0101000005970921        002803          700 担保品买入          200             40.1500         已成            0               0
09:44:01.000    233876301       610221          0104000006190413        300673          700 担保品买入          100             41.6700         已成            0               0
