时间            资产账户        证券代码        证券名称        可用数量        库存数量        参考成本                参考盈亏                市值                交易板块
15:12:04.312    27409589        000011          深物业A         0               0               0.0000                  -290.610                0.000                   00
15:12:04.312    27409589        000028          国药一致        0               400             44.0947                 422.120                 18060.000               00
15:12:04.312    27409589        000030          富奥股份        0               4400            6.3540                  -897.620                27060.000               00
15:12:04.312    27409589        000049          德赛电池        0               0               0.0000                  35068.710               0.000                   00
15:12:04.312    27409589        000089          深圳机场        0               0               0.0000                  -47.920                 0.000                   00
15:12:04.312    27409589        000090          天健集团        0               0               0.0000                  746.860                 0.000                   00
15:12:04.312    27409589        000100          TCL科技         0               0               0.0000                  7372.200                0.000                   00
15:12:04.312    27409589        000338          潍柴动力        0               0               0.0000                  2.370                   0.000                   00
15:12:04.312    27409589        000403          双林生物        900             900             71.0342                 2489.190                66420.000               00
15:12:04.312    27409589        000423          东阿阿胶        0               0               0.0000                  -25.720                 0.000                   00
15:12:04.312    27409589        000426          兴业矿业        0               0               0.0000                  12329.610               0.000                   00
15:12:04.312    27409589        000503          国新健康        0               200             11.7155                 -137.090                2206.000                00
15:12:04.312    27409589        000513          丽珠集团        0               0               0.0000                  1003.000                0.000                   00
15:12:04.312    27409589        000526          紫光学大        0               200             55.7090                 120.200                 11262.000               00
15:12:04.312    27409589        000537          广宇发展        0               0               0.0000                  -56.100                 0.000                   00
15:12:04.312    27409589        000546          金圆股份        0               0               0.0000                  -227.290                0.000                   00
15:12:04.312    27409589        000551          创元科技        0               0               0.0000                  35.460                  0.000                   00
15:12:04.312    27409589        000564          供销大集        0               0               0.0000                  -7133.330               0.000                   00
15:12:04.312    27409589        000567          海德股份        3800            3800            14.1545                 -6021.070               47766.000               00
15:12:04.312    27409589        000568          泸州老窖        0               0               0.0000                  413.100                 0.000                   00
15:12:04.312    27409589        000582          北部湾港        0               0               0.0000                  19.700                  0.000                   00
15:12:04.312    27409589        000599          青岛双星        0               100             4.1724                  13.760                  431.000                 00
15:12:04.312    27409589        000625          长安汽车        0               0               0.0000                  -198.950                0.000                   00
15:12:04.312    27409589        000636          风华高科        0               6700            27.8262                 9137.620                195573.000              00
15:12:04.312    27409589        000655          金岭矿业        0               1800            5.9078                  -572.090                10062.000               00
15:12:04.312    27409589        000681          视觉中国        0               0               0.0000                  -880.710                0.000                   00
15:12:04.312    27409589        000688          国城矿业        0               0               0.0000                  0.280                   0.000                   00
15:12:04.312    27409589        000697          炼石航空        0               100             9.4137                  9.630                   951.000                 00
15:12:04.312    27409589        000708          中信特钢        0               0               0.0000                  -186.240                0.000                   00
15:12:04.312    27409589        000710          贝瑞基因        0               0               0.0000                  -780.610                0.000                   00
15:12:04.312    27409589        000732          泰禾集团        0               1500            5.1551                  -52.670                 7680.000                00
15:12:04.312    27409589        000736          中交地产        60              60              6.4680                  15.120                  403.200                 00
15:12:04.312    27409589        000739          普洛药业        0               800             22.2340                 140.830                 17928.000               00
15:12:04.312    27409589        000762          西藏矿业        0               0               0.0000                  3.080                   0.000                   00
15:12:04.312    27409589        000799          酒鬼酒          0               600             47.2996                 14094.250               42474.000               00
15:12:04.312    27409589        000800          一汽解放        0               0               0.0000                  -172.830                0.000                   00
15:12:04.312    27409589        000801          四川九洲        0               0               0.0000                  -14.700                 0.000                   00
15:12:04.312    27409589        000823          超声电子        0               400             12.9429                 302.830                 5480.000                00
15:12:04.312    27409589        000851          高鸿股份        0               0               0.0000                  -326.250                0.000                   00
15:12:04.312    27409589        000863          三湘印象        0               0               0.0000                  -22.210                 0.000                   00
15:12:04.312    27409589        000877          天山股份        0               0               0.0000                  -5211.420               0.000                   00
15:12:04.312    27409589        000878          云南铜业        0               300             10.4437                 7.900                   3141.000                00
15:12:04.312    27409589        000889          中嘉博创        0               0               0.0000                  13.600                  0.000                   00
15:12:04.312    27409589        000910          大亚圣象        0               0               0.0000                  -1199.540               0.000                   00
15:12:04.312    27409589        000913          钱江摩托        0               100             10.4616                 293.840                 1340.000                00
15:12:04.312    27409589        000915          山大华特        0               0               0.0000                  -3479.440               0.000                   00
15:12:04.312    27409589        000918          嘉凯城          0               300             4.7759                  1.230                   1434.000                00
15:12:04.312    27409589        000921          海信家电        0               0               0.0000                  -739.110                0.000                   00
15:12:04.312    27409589        000931          中关村          0               1400            11.8292                 -992.900                15568.000               00
15:12:04.312    27409589        000933          神火股份        0               0               0.0000                  -0.490                  0.000                   00
15:12:04.312    27409589        000938          紫光股份        0               0               0.0000                  56.370                  0.000                   00
15:12:04.312    27409589        000951          中国重汽        0               0               0.0000                  23.720                  0.000                   00
15:12:04.312    27409589        000959          首钢股份        0               0               0.0000                  -1153.020               0.000                   00
15:12:04.312    27409589        000961          中南建设        0               200             8.6251                  48.980                  1774.000                00
15:12:04.312    27409589        000967          盈峰环境        0               0               0.0000                  -133.380                0.000                   00
15:12:04.312    27409589        000976          华铁股份        0               0               0.0000                  56.540                  0.000                   00
15:12:04.312    27409589        000990          诚志股份        0               0               0.0000                  -399.250                0.000                   00
15:12:04.312    27409589        002007          华兰生物        0               0               0.0000                  10534.280               0.000                   00
15:12:04.312    27409589        002008          大族激光        0               0               0.0000                  1990.340                0.000                   00
15:12:04.312    27409589        002014          永新股份        0               0               0.0000                  -24.130                 0.000                   00
15:12:04.312    27409589        002019          亿帆医药        0               800             22.3425                 -106.030                17768.000               00
15:12:04.312    27409589        002030          达安基因        53              53              3.8381                  1251.430                1454.850                00
15:12:04.312    27409589        002036          联创电子        0               0               0.0000                  1356.140                0.000                   00
15:12:04.312    27409589        002038          双鹭药业        0               0               0.0000                  9.720                   0.000                   00
15:12:04.312    27409589        002044          美年健康        0               3800            13.5798                 2014.760                53618.000               00
15:12:04.312    27409589        002045          国光电器        0               0               0.0000                  234.250                 0.000                   00
15:12:04.312    27409589        002050          三花智控        4200            4200            21.6868                 -448.730                90636.000               00
15:12:04.312    27409589        002055          得润电子        0               0               0.0000                  13.240                  0.000                   00
15:12:04.312    27409589        002074          国轩高科        0               0               0.0000                  -6814.740               0.000                   00
15:12:04.312    27409589        002078          太阳纸业        0               0               0.0000                  61.750                  0.000                   00
15:12:04.312    27409589        002079          苏州固锝        0               0               0.0000                  8040.670                0.000                   00
15:12:04.312    27409589        002080          中材科技        0               0               0.0000                  380.700                 0.000                   00
15:12:04.312    27409589        002084          海鸥住工        0               2200            9.2447                  -560.410                19778.000               00
15:12:04.312    27409589        002099          海翔药业        4               4               130.8375                -492.870                30.480                  00
15:12:04.312    27409589        002106          莱宝高科        0               0               0.0000                  371.550                 0.000                   00
15:12:04.312    27409589        002107          沃华医药        0               0               0.0000                  1905.090                0.000                   00
15:12:04.312    27409589        002117          东港股份        0               0               0.0000                  -188.090                0.000                   00
15:12:04.312    27409589        002123          梦网集团        0               0               0.0000                  -1292.170               0.000                   00
15:12:04.312    27409589        002125          湘潭电化        0               0               0.0000                  -4380.870               0.000                   00
15:12:04.312    27409589        002126          银轮股份        0               0               0.0000                  -188.640                0.000                   00
15:12:04.312    27409589        002127          南极电商        0               500             22.4934                 -711.680                10535.000               00
15:12:04.312    27409589        002129          中环股份        0               0               0.0000                  -4937.450               0.000                   00
15:12:04.312    27409589        002153          石基信息        0               0               0.0000                  986.200                 0.000                   00
15:12:04.312    27409589        002171          楚江新材        0               400             8.7366                  221.380                 3716.000                00
15:12:04.312    27409589        002183          怡亚通          0               0               0.0000                  411.560                 0.000                   00
15:12:04.312    27409589        002208          合肥城建        0               2300            10.8551                 -1391.620               23575.000               00
15:12:04.312    27409589        002212          南洋股份        0               300             27.4255                 -367.640                7860.000                00
15:12:04.312    27409589        002213          特尔佳          20              20              -69.7825                1757.250                361.600                 00
15:12:04.312    27409589        002216          三全食品        0               0               0.0000                  92.060                  0.000                   00
15:12:04.312    27409589        002222          福晶科技        0               0               0.0000                  500.960                 0.000                   00
15:12:04.312    27409589        002226          江南化工        0               400             5.3723                  179.070                 2328.000                00
15:12:04.312    27409589        002238          天威视讯        20              20              16.9525                 -203.650                135.400                 00
15:12:04.312    27409589        002240          威华股份        0               10600           12.9674                 -1880.850               135574.000              00
15:12:04.312    27409589        002241          歌尔股份        0               1100            14.7918                 13099.040               29370.000               00
15:12:04.312    27409589        002242          九阳股份        0               0               0.0000                  -51.010                 0.000                   00
15:12:04.312    27409589        002250          联化科技        0               0               0.0000                  304.860                 0.000                   00
15:12:04.312    27409589        002251          步步高          0               0               0.0000                  46.630                  0.000                   00
15:12:04.312    27409589        002254          泰和新材        200             200             11.5045                 419.110                 2720.000                00
15:12:04.312    27409589        002258          利尔化学        0               0               0.0000                  801.760                 0.000                   00
15:12:04.312    27409589        002262          恩华药业        0               0               0.0000                  234.970                 0.000                   00
15:12:04.312    27409589        002266          浙富控股        0               0               0.0000                  -41.930                 0.000                   00
15:12:04.312    27409589        002271          东方雨虹        0               0               0.0000                  -200.880                0.000                   00
15:12:04.312    27409589        002281          光迅科技        0               0               0.0000                  651.080                 0.000                   00
15:12:04.312    27409589        002292          奥飞娱乐        0               0               0.0000                  2123.030                0.000                   00
15:12:04.312    27409589        002294          信立泰          0               0               0.0000                  1736.150                0.000                   00
15:12:04.312    27409589        002299          圣农发展        0               0               0.0000                  2217.600                0.000                   00
15:12:04.312    27409589        002301          齐心集团        0               0               0.0000                  -203.410                0.000                   00
15:12:04.312    27409589        002308          威创股份        0               900             7.1122                  -343.990                6057.000                00
15:12:04.312    27409589        002317          众生药业        0               0               0.0000                  3554.250                0.000                   00
15:12:04.312    27409589        002324          普利特          7300            7300            14.6721                 -453.000                106653.000              00
15:12:04.312    27409589        002338          奥普光电        0               2500            27.9210                 -477.450                69325.000               00
15:12:04.312    27409589        002351          漫步者          0               1200            25.4947                 -5669.600               24924.000               00
15:12:04.312    27409589        002352          顺丰控股        1000            1000            54.2429                 457.090                 54700.000               00
15:12:04.312    27409589        002353          杰瑞股份        0               0               0.0000                  5636.830                0.000                   00
15:12:04.312    27409589        002375          亚厦股份        0               0               0.0000                  20.160                  0.000                   00
15:12:04.312    27409589        002381          双箭股份        0               0               0.0000                  -75.780                 0.000                   00
15:12:04.312    27409589        002382          蓝帆医疗        0               16400           28.5859                 13678.800               482488.000              00
15:12:04.312    27409589        002385          大北农          0               20200           9.3715                  -9322.910               179982.000              00
15:12:04.312    27409589        002388          新亚制程        0               100             7.5708                  52.920                  810.000                 00
15:12:04.312    27409589        002398          垒知集团        0               400             11.6550                 -478.000                4184.000                00
15:12:04.312    27409589        002399          海普瑞          0               300             25.1316                 -105.490                7434.000                00
15:12:04.312    27409589        002401          中远海科        0               0               0.0000                  -93.810                 0.000                   00
15:12:04.312    27409589        002402          和而泰          0               15800           16.0865                 -3578.670               250588.000              00
15:12:04.312    27409589        002410          广联达          1600            1600            64.3056                 7031.110                109920.000              00
15:12:04.312    27409589        002414          高德红外        0               0               0.0000                  870.670                 0.000                   00
15:12:04.312    27409589        002419          天虹股份        0               0               0.0000                  -69.980                 0.000                   00
15:12:04.312    27409589        002422          科伦药业        0               0               0.0000                  -27.770                 0.000                   00
15:12:04.312    27409589        002425          凯撒文化        0               0               0.0000                  626.750                 0.000                   00
15:12:04.312    27409589        002430          杭氧股份        0               0               0.0000                  46.210                  0.000                   00
15:12:04.312    27409589        002432          九安医疗        0               0               0.0000                  48.380                  0.000                   00
15:12:04.312    27409589        002438          江苏神通        0               0               0.0000                  -28.980                 0.000                   00
15:12:04.312    27409589        002444          巨星科技        0               0               0.0000                  -1314.520               0.000                   00
15:12:04.312    27409589        002459          晶澳科技        0               100             18.0937                 60.630                  1870.000                00
15:12:04.312    27409589        002460          赣锋锂业        0               800             56.0788                 -2071.050               42792.000               00
15:12:04.312    27409589        002467          二六三          0               3000            7.5838                  -1871.430               20880.000               00
15:12:04.312    27409589        002481          双塔食品        0               2000            17.0979                 -795.750                33400.000               00
15:12:04.312    27409589        002484          江海股份        0               0               0.0000                  -95.830                 0.000                   00
15:12:04.312    27409589        002497          雅化集团        0               0               0.0000                  -859.580                0.000                   00
15:12:04.312    27409589        002508          老板电器        600             600             35.1939                 -2780.350               18336.000               00
15:12:04.312    27409589        002511          中顺洁柔        0               0               0.0000                  322.580                 0.000                   00
15:12:04.312    27409589        002519          银河电子        0               0               0.0000                  -34.080                 0.000                   00
15:12:04.312    27409589        002524          光正集团        0               0               0.0000                  628.380                 0.000                   00
15:12:04.312    27409589        002530          金财互联        0               0               0.0000                  -1878.450               0.000                   00
15:12:04.312    27409589        002534          杭锅股份        0               0               0.0000                  -92.160                 0.000                   00
15:12:04.312    27409589        002539          云图控股        0               0               0.0000                  -108.830                0.000                   00
15:12:04.312    27409589        002541          鸿路钢构        0               200             -23.7582                10251.630               5500.000                00
15:12:04.312    27409589        002557          洽洽食品        0               0               0.0000                  -73.780                 0.000                   00
15:12:04.312    27409589        002565          顺灏股份        0               7900            5.2722                  -1360.090               40290.000               00
15:12:04.312    27409589        002568          百润股份        0               0               0.0000                  -113.430                0.000                   00
15:12:04.312    27409589        002570          贝因美          0               200             5.9778                  82.450                  1278.000                00
15:12:04.312    27409589        002572          索菲亚          0               0               0.0000                  -899.460                0.000                   00
15:12:04.312    27409589        002582          好想你          0               0               0.0000                  -2026.480               0.000                   00
15:12:04.312    27409589        002583          海能达          0               1900            7.3473                  119.210                 14079.000               00
15:12:04.312    27409589        002585          双星新材        0               0               0.0000                  23.010                  0.000                   00
15:12:04.312    27409589        002597          金禾实业        0               0               0.0000                  -2827.830               0.000                   00
15:12:04.312    27409589        002601          龙蟒佰利        0               0               0.0000                  9.450                   0.000                   00
15:12:04.312    27409589        002602          世纪华通        5800            5800            15.8432                 -4310.370               87580.000               00
15:12:04.312    27409589        002607          中公教育        0               0               0.0000                  -37.510                 0.000                   00
15:12:04.312    27409589        002609          捷顺科技        0               0               0.0000                  -760.740                0.000                   00
15:12:04.312    27409589        002612          朗姿股份        1300            1300            9.5457                  1214.530                13624.000               00
15:12:04.312    27409589        002616          长青集团        0               0               0.0000                  -60.130                 0.000                   00
15:12:04.312    27409589        002624          完美世界        0               0               0.0000                  1955.510                0.000                   00
15:12:04.312    27409589        002626          金达威          0               5100            24.3966                 5168.320                129591.000              00
15:12:04.312    27409589        002636          金安国纪        0               100             8.1733                  85.670                  903.000                 00
15:12:04.312    27409589        002643          万润股份        0               0               0.0000                  743.600                 0.000                   00
15:12:04.312    27409589        002646          青青稞酒        0               0               0.0000                  14.730                  0.000                   00
15:12:04.312    27409589        002647          仁东控股        0               0               0.0000                  5541.730                0.000                   00
15:12:04.312    27409589        002648          卫星石化        0               0               0.0000                  52.240                  0.000                   00
15:12:04.312    27409589        002653          海思科          0               0               0.0000                  86.980                  0.000                   00
15:12:04.312    27409589        002655          共达电声        0               1800            11.9581                 273.350                 21798.000               00
15:12:04.312    27409589        002661          克明面业        0               400             23.4455                 -218.200                9160.000                00
15:12:04.312    27409589        002664          长鹰信质        0               0               0.0000                  -65.160                 0.000                   00
15:12:04.312    27409589        002666          德联集团        0               0               0.0000                  -1342.940               0.000                   00
15:12:04.312    27409589        002675          东诚药业        0               0               0.0000                  -118.860                0.000                   00
15:12:04.312    27409589        002677          浙江美大        0               0               0.0000                  -3.460                  0.000                   00
15:12:04.312    27409589        002683          宏大爆破        0               0               0.0000                  474.150                 0.000                   00
15:12:04.312    27409589        002688          金河生物        0               0               0.0000                  -1315.670               0.000                   00
15:12:04.312    27409589        002690          美亚光电        0               0               0.0000                  -115.610                0.000                   00
15:12:04.312    27409589        002695          煌上煌          0               600             24.3716                 131.020                 14754.000               00
15:12:04.312    27409589        002697          红旗连锁        0               0               0.0000                  104.090                 0.000                   00
15:12:04.312    27409589        002698          博实股份        0               0               0.0000                  -24.490                 0.000                   00
15:12:04.312    27409589        002705          新宝股份        800             1500            35.7396                 -419.470                53190.000               00
15:12:04.312    27409589        002706          良信电器        0               500             15.3595                 710.260                 8390.000                00
15:12:04.312    27409589        002707          众信旅游        0               0               0.0000                  -244.800                0.000                   00
15:12:04.312    27409589        002709          天赐材料        0               0               0.0000                  347.300                 0.000                   00
15:12:04.312    27409589        002714          牧原股份        0               0               0.0000                  3981.800                0.000                   00
15:12:04.312    27409589        002723          金莱特          0               0               0.0000                  78.350                  0.000                   00
15:12:04.312    27409589        002727          一心堂          0               0               0.0000                  194.620                 0.000                   00
15:12:04.312    27409589        002737          葵花药业        0               0               0.0000                  71.620                  0.000                   00
15:12:04.312    27409589        002745          木林森          4000            4000            15.5441                 623.560                 62800.000               00
15:12:04.312    27409589        002747          埃斯顿          0               0               0.0000                  246.080                 0.000                   00
15:12:04.312    27409589        002756          永兴材料        0               0               0.0000                  19.190                  0.000                   00
15:12:04.312    27409589        002773          康弘药业        0               0               0.0000                  6017.990                0.000                   00
15:12:04.312    27409589        002777          久远银海        0               0               0.0000                  -98.960                 0.000                   00
15:12:04.312    27409589        002791          坚朗五金        200             200             82.7507                 1849.860                18400.000               00
15:12:04.312    27409589        002798          帝欧家居        0               0               0.0000                  -74.570                 0.000                   00
15:12:04.312    27409589        002803          吉宏股份        2040            2040            25.7920                 -1676.880               50938.800               00
15:12:04.312    27409589        002810          山东赫达        0               0               0.0000                  2036.530                0.000                   00
15:12:04.312    27409589        002812          恩捷股份        0               0               0.0000                  521.960                 0.000                   00
15:12:04.312    27409589        002815          崇达技术        0               0               0.0000                  -22.710                 0.000                   00
15:12:04.312    27409589        002821          凯莱英          0               0               0.0000                  10529.120               0.000                   00
15:12:04.312    27409589        002824          和胜股份        0               0               0.0000                  -174.290                0.000                   00
15:12:04.312    27409589        002831          裕同科技        0               0               0.0000                  -92.470                 0.000                   00
15:12:04.312    27409589        002832          比音勒芬        0               0               0.0000                  507.210                 0.000                   00
15:12:04.312    27409589        002837          英维克          0               300             30.1198                 -425.950                8610.000                00
15:12:04.312    27409589        002845          同兴达          0               0               0.0000                  -1780.290               0.000                   00
15:12:04.312    27409589        002850          科达利          0               0               0.0000                  2115.510                0.000                   00
15:12:04.312    27409589        002853          皮阿诺          0               0               0.0000                  191.630                 0.000                   00
15:12:04.312    27409589        002878          元隆雅图        0               0               0.0000                  -1785.390               0.000                   00
15:12:04.312    27409589        002880          卫光生物        0               0               0.0000                  1160.350                0.000                   00
15:12:04.312    27409589        002891          中宠股份        0               0               0.0000                  162.460                 0.000                   00
15:12:04.312    27409589        002895          川恒股份        0               100             11.2411                 101.890                 1226.000                00
15:12:04.312    27409589        002897          意华股份        0               0               0.0000                  -211.990                0.000                   00
15:12:04.312    27409589        002901          大博医疗        0               0               0.0000                  7615.950                0.000                   00
15:12:04.312    27409589        002920          德赛西威        0               0               0.0000                  2197.500                0.000                   00
15:12:04.312    27409589        002925          盈趣科技        0               100             56.1455                 1.450                   5616.000                00
15:12:04.312    27409589        002928          华夏航空        0               0               0.0000                  -959.200                0.000                   00
15:12:04.312    27409589        002938          鹏鼎控股        0               0               0.0000                  1682.040                0.000                   00
15:12:04.312    27409589        002940          昂利康          0               0               0.0000                  -577.160                0.000                   00
15:12:04.312    27409589        002946          新乳业          0               0               0.0000                  -217.960                0.000                   00
15:12:04.312    27409589        002947          恒铭达          0               0               0.0000                  1221.140                0.000                   00
15:12:04.312    27409589        082444          巨星配债        24              24              0.0000                  0.000                   0.000                   00
15:12:04.312    27409589        300009          安科生物        0               0               0.0000                  647.330                 0.000                   00
15:12:04.312    27409589        300012          华测检测        0               0               0.0000                  164.350                 0.000                   00
15:12:04.312    27409589        300014          亿纬锂能        0               0               0.0000                  4354.330                0.000                   00
15:12:04.312    27409589        300016          北陆药业        0               0               0.0000                  -2733.040               0.000                   00
15:12:04.312    27409589        300019          硅宝科技        0               0               0.0000                  -903.560                0.000                   00
15:12:04.312    27409589        300033          同花顺          0               0               0.0000                  -227.180                0.000                   00
15:12:04.312    27409589        300034          钢研高纳        0               6400            19.3107                 -2372.180               121216.000              00
15:12:04.312    27409589        300037          新宙邦          0               400             47.1492                 2980.340                21840.000               00
15:12:04.312    27409589        300041          回天新材        0               300             15.7871                 -287.120                4449.000                00
15:12:04.312    27409589        300054          鼎龙股份        0               0               0.0000                  3499.300                0.000                   00
15:12:04.312    27409589        300059          东方财富        0               0               0.0000                  -14151.040              0.000                   00
15:12:04.312    27409589        300073          当升科技        0               0               0.0000                  -7965.140               0.000                   00
15:12:04.312    27409589        300081          恒信东方        0               100             9.2625                  -91.250                 835.000                 00
15:12:04.312    27409589        300082          奥克股份        0               0               0.0000                  -14.680                 0.000                   00
15:12:04.312    27409589        300113          顺网科技        2100            2100            25.7224                 -4562.010               49455.000               00
15:12:04.312    27409589        300132          青松股份        0               0               0.0000                  -1026.370               0.000                   00
15:12:04.312    27409589        300136          信维通信        0               0               0.0000                  3082.970                0.000                   00
15:12:04.312    27409589        300138          晨光生物        0               0               0.0000                  -1047.140               0.000                   00
15:12:04.312    27409589        300143          盈康生命        0               0               0.0000                  736.580                 0.000                   00
15:12:04.312    27409589        300144          宋城演艺        80              80              25.1245                 -605.960                1404.000                00
15:12:04.312    27409589        300149          量子生物        0               0               0.0000                  -676.980                0.000                   00
15:12:04.312    27409589        300168          万达信息        0               0               0.0000                  -1045.900               0.000                   00
15:12:04.312    27409589        300171          东富龙          0               2300            16.0870                 -1303.990               35696.000               00
15:12:04.312    27409589        300173          智慧松德        0               700             6.6962                  324.670                 5012.000                00
15:12:04.312    27409589        300180          华峰超纤        0               0               0.0000                  -57.990                 0.000                   00
15:12:04.312    27409589        300188          美亚柏科        0               0               0.0000                  -115.020                0.000                   00
15:12:04.312    27409589        300190          维尔利          0               0               0.0000                  -332.020                0.000                   00
15:12:04.312    27409589        300203          聚光科技        0               0               0.0000                  -53.770                 0.000                   00
15:12:04.312    27409589        300206          理邦仪器        0               0               0.0000                  2609.130                0.000                   00
15:12:04.312    27409589        300223          北京君正        0               0               0.0000                  -465.990                0.000                   00
15:12:04.312    27409589        300227          光韵达          80              80              -64.0345                5955.560                832.800                 00
15:12:04.312    27409589        300233          金城医药        0               5100            29.4495                 5816.400                156009.000              00
15:12:04.312    27409589        300242          佳云科技        0               0               0.0000                  -1786.800               0.000                   00
15:12:04.312    27409589        300244          迪安诊断        0               0               0.0000                  5174.290                0.000                   00
15:12:04.312    27409589        300255          常山药业        0               0               0.0000                  -55.110                 0.000                   00
15:12:04.312    27409589        300257          开山股份        0               0               0.0000                  -10.020                 0.000                   00
15:12:04.312    27409589        300259          新天科技        0               0               0.0000                  27.320                  0.000                   00
15:12:04.312    27409589        300263          隆华科技        0               0               0.0000                  -137.810                0.000                   00
15:12:04.312    27409589        300271          华宇软件        0               0               0.0000                  41.790                  0.000                   00
15:12:04.312    27409589        300273          和佳医疗        0               0               0.0000                  44.700                  0.000                   00
15:12:04.312    27409589        300274          阳光电源        0               500             11.9862                 1106.910                7100.000                00
15:12:04.312    27409589        300280          紫天科技        2300            2300            47.2342                 -2792.760               105846.000              00
15:12:04.312    27409589        300285          国瓷材料        0               500             14.6189                 9190.550                16500.000               00
15:12:04.312    27409589        300294          博雅生物        0               0               0.0000                  73.750                  0.000                   00
15:12:04.312    27409589        300298          三诺生物        800             800             28.0306                 3263.540                25688.000               00
15:12:04.312    27409589        300299          富春股份        0               0               0.0000                  21430.500               0.000                   00
15:12:04.312    27409589        300315          掌趣科技        0               0               0.0000                  -150.870                0.000                   00
15:12:04.312    27409589        300326          凯利泰          0               0               0.0000                  -463.570                0.000                   00
15:12:04.312    27409589        300328          宜安科技        0               0               0.0000                  118.330                 0.000                   00
15:12:04.312    27409589        300331          苏大维格        0               0               0.0000                  -1259.710               0.000                   00
15:12:04.312    27409589        300346          南大光电        0               0               0.0000                  -3966.130               0.000                   00
15:12:04.312    27409589        300347          泰格医药        0               0               0.0000                  5390.230                0.000                   00
15:12:04.312    27409589        300357          我武生物        0               0               0.0000                  -34.990                 0.000                   00
15:12:04.312    27409589        300360          炬华科技        0               0               0.0000                  17.640                  0.000                   00
15:12:04.312    27409589        300363          博腾股份        0               0               0.0000                  974.680                 0.000                   00
15:12:04.312    27409589        300364          中文在线        0               0               0.0000                  -1188.410               0.000                   00
15:12:04.312    27409589        300376          易事特          0               0               0.0000                  11.370                  0.000                   00
15:12:04.312    27409589        300381          溢多利          0               0               0.0000                  2194.160                0.000                   00
15:12:04.312    27409589        300382          斯莱克          0               0               0.0000                  -553.150                0.000                   00
15:12:04.312    27409589        300390          天华超净        0               0               0.0000                  4728.610                0.000                   00
15:12:04.312    27409589        300391          康跃科技        0               0               0.0000                  -146.690                0.000                   00
15:12:04.312    27409589        300394          天孚通信        0               0               0.0000                  185.360                 0.000                   00
15:12:04.312    27409589        300395          菲利华          0               0               0.0000                  112.470                 0.000                   00
15:12:04.312    27409589        300396          迪瑞医疗        0               0               0.0000                  2207.870                0.000                   00
15:12:04.312    27409589        300406          九强生物        0               500             23.0352                 -252.620                11265.000               00
15:12:04.312    27409589        300408          三环集团        3400            3400            25.6248                 -458.360                86666.000               00
15:12:04.312    27409589        300413          芒果超媒        1700            1700            61.0328                 3837.310                107593.000              00
15:12:04.312    27409589        300418          昆仑万维        0               0               0.0000                  125.200                 0.000                   00
15:12:04.312    27409589        300432          富临精工        0               0               0.0000                  75.860                  0.000                   00
15:12:04.312    27409589        300438          鹏辉能源        0               600             15.5823                 1006.630                10356.000               00
15:12:04.312    27409589        300441          鲍斯股份        0               0               0.0000                  79.800                  0.000                   00
15:12:04.312    27409589        300450          先导智能        0               0               0.0000                  -3.130                  0.000                   00
15:12:04.312    27409589        300451          创业慧康        0               0               0.0000                  2730.200                0.000                   00
15:12:04.312    27409589        300452          山河药辅        0               400             25.5963                 -18.500                 10220.000               00
15:12:04.312    27409589        300453          三鑫医疗        0               3600            20.5961                 -4125.970               70020.000               00
15:12:04.312    27409589        300456          赛微电子        0               0               0.0000                  -229.360                0.000                   00
15:12:04.312    27409589        300457          赢合科技        0               0               0.0000                  -674.500                0.000                   00
15:12:04.312    27409589        300458          全志科技        0               0               0.0000                  4057.300                0.000                   00
15:12:04.312    27409589        300463          迈克生物        0               0               0.0000                  1136.110                0.000                   00
15:12:04.312    27409589        300480          光力科技        0               0               0.0000                  157.240                 0.000                   00
15:12:04.312    27409589        300482          万孚生物        0               200             93.8597                 1610.060                20382.000               00
15:12:04.312    27409589        300485          赛升药业        0               0               0.0000                  -1329.290               0.000                   00
15:12:04.312    27409589        300492          华图山鼎        40              340             36.4459                 3384.390                15776.000               00
15:12:04.312    27409589        300496          中科创达        0               200             67.1703                 1771.950                15206.000               00
15:12:04.312    27409589        300498          温氏股份        0               0               0.0000                  -44.160                 0.000                   00
15:12:04.312    27409589        300502          新易盛          0               0               0.0000                  2629.370                0.000                   00
15:12:04.312    27409589        300520          科大国创        0               0               0.0000                  -49.400                 0.000                   00
15:12:04.312    27409589        300525          博思软件        0               0               0.0000                  1793.120                0.000                   00
15:12:04.312    27409589        300529          健帆生物        0               0               0.0000                  95.020                  0.000                   00
15:12:04.312    27409589        300545          联得装备        0               0               0.0000                  405.330                 0.000                   00
15:12:04.312    27409589        300548          博创科技        0               0               0.0000                  -195.910                0.000                   00
15:12:04.312    27409589        300551          古鳌科技        0               0               0.0000                  76.690                  0.000                   00
15:12:04.312    27409589        300558          贝达药业        800             800             112.6009                18951.250               109032.000              00
15:12:04.312    27409589        300567          精测电子        0               0               0.0000                  -920.260                0.000                   00
15:12:04.312    27409589        300568          星源材质        0               0               0.0000                  -4772.860               0.000                   00
15:12:04.312    27409589        300572          安车检测        0               200             56.4979                 932.420                 12232.000               00
15:12:04.312    27409589        300573          兴齐眼药        600             600             138.4238                417.750                 83472.000               00
15:12:04.312    27409589        300575          中旗股份        0               700             37.3867                 415.310                 26586.000               00
15:12:04.312    27409589        300595          欧普康视        0               0               0.0000                  303.130                 0.000                   00
15:12:04.312    27409589        300596          利安隆          0               0               0.0000                  216.250                 0.000                   00
15:12:04.312    27409589        300601          康泰生物        0               0               0.0000                  146.180                 0.000                   00
15:12:04.312    27409589        300602          飞荣达          57              57              23.0395                 486.810                 1800.060                00
15:12:04.312    27409589        300604          长川科技        0               0               0.0000                  40.290                  0.000                   00
15:12:04.312    27409589        300613          富瀚微          80              280             73.0199                 10581.230               31026.800               00
15:12:04.312    27409589        300617          安靠智电        0               400             35.1585                 -775.390                13288.000               00
15:12:04.312    27409589        300618          寒锐钴业        0               0               0.0000                  873.720                 0.000                   00
15:12:04.312    27409589        300623          捷捷微电        0               900             25.5747                 3874.770                26892.000               00
15:12:04.312    27409589        300627          华测导航        0               0               0.0000                  -311.260                0.000                   00
15:12:04.312    27409589        300628          亿联网络        0               0               0.0000                  819.160                 0.000                   00
15:12:04.312    27409589        300632          光莆股份        0               0               0.0000                  -234.360                0.000                   00
15:12:04.312    27409589        300633          开立医疗        0               0               0.0000                  93.860                  0.000                   00
15:12:04.312    27409589        300635          中达安          0               100             30.2833                 -102.330                2926.000                00
15:12:04.312    27409589        300636          同和药业        0               0               0.0000                  573.010                 0.000                   00
15:12:04.312    27409589        300639          凯普生物        0               0               0.0000                  589.600                 0.000                   00
15:12:04.312    27409589        300651          金陵体育        0               0               0.0000                  -193.120                0.000                   00
15:12:04.312    27409589        300653          正海生物        0               0               0.0000                  4219.260                0.000                   00
15:12:04.312    27409589        300657          弘信电子        0               2000            20.6178                 -1555.620               39680.000               00
15:12:04.312    27409589        300663          科蓝软件        0               0               0.0000                  -2187.840               0.000                   00
15:12:04.312    27409589        300671          富满电子        0               0               0.0000                  555.670                 0.000                   00
15:12:04.312    27409589        300673          佩蒂股份        0               900             32.8697                 5481.280                35064.000               00
15:12:04.312    27409589        300676          华大基因        0               0               0.0000                  76237.580               0.000                   00
15:12:04.312    27409589        300677          英科医疗        0               1300            115.6179                15836.790               166140.000              00
15:12:04.312    27409589        300684          中石科技        0               0               0.0000                  -750.840                0.000                   00
15:12:04.312    27409589        300685          艾德生物        0               0               0.0000                  13806.450               0.000                   00
15:12:04.312    27409589        300687          赛意信息        0               100             9.4550                  1251.500                2197.000                00
15:12:04.312    27409589        300695          兆丰股份        200             200             73.2196                 208.080                 14852.000               00
15:12:04.312    27409589        300696          爱乐达          400             400             35.0420                 127.190                 14144.000               00
15:12:04.312    27409589        300702          天宇股份        0               300             106.6145                -484.340                31500.000               00
15:12:04.312    27409589        300709          精研科技        260             460             89.4248                 678.570                 41814.000               00
15:12:04.312    27409589        300715          凯伦股份        0               600             57.3970                 -12418.190              22020.000               00
15:12:04.312    27409589        300724          捷佳伟创        0               100             87.7350                 60.500                  8834.000                00
15:12:04.312    27409589        300725          药石科技        0               0               0.0000                  447.080                 0.000                   00
15:12:04.312    27409589        300735          光弘科技        0               0               0.0000                  -135.030                0.000                   00
15:12:04.312    27409589        300738          奥飞数据        0               0               0.0000                  28586.390               0.000                   00
15:12:04.312    27409589        300739          明阳电路        0               0               0.0000                  49.620                  0.000                   00
15:12:04.312    27409589        300750          宁德时代        0               800             68.4171                 82098.310               136832.000              00
15:12:04.312    27409589        300751          迈为股份        400             400             268.3637                10090.540               117436.000              00
15:12:04.312    27409589        300753          爱朋医疗        0               0               0.0000                  -993.510                0.000                   00
15:12:04.312    27409589        300759          康龙化成        0               0               0.0000                  11803.750               0.000                   00
15:12:04.312    27409589        300760          迈瑞医疗        0               0               0.0000                  5074.010                0.000                   00
15:12:04.312    27409589        300763          锦浪科技        0               0               0.0000                  3212.420                0.000                   00
15:12:04.312    27409589        300769          德方纳米        0               0               0.0000                  -2272.230               0.000                   00
15:12:04.312    27409589        511990          华宝添益        19              19              -5973.1032              115388.485              1899.525                10
15:12:04.312    27409589        600004          白云机场        0               0               0.0000                  -407.070                0.000                   10
15:12:04.312    27409589        600009          上海机场        0               0               0.0000                  -399.380                0.000                   10
15:12:04.312    27409589        600055          万东医疗        0               0               0.0000                  -467.960                0.000                   10
15:12:04.312    27409589        600059          古越龙山        0               0               0.0000                  -38.950                 0.000                   10
15:12:04.312    27409589        600060          海信视像        0               0               0.0000                  -469.320                0.000                   10
15:12:04.312    27409589        600070          浙江富润        0               0               0.0000                  496.070                 0.000                   10
15:12:04.312    27409589        600079          人福医药        0               0               0.0000                  37.430                  0.000                   10
15:12:04.312    27409589        600085          同仁堂          0               0               0.0000                  43.650                  0.000                   10
15:12:04.312    27409589        600088          中视传媒        0               0               0.0000                  -184.720                0.000                   10
15:12:04.312    27409589        600095          哈高科          0               0               0.0000                  -325.750                0.000                   10
15:12:04.312    27409589        600109          国金证券        0               13000           11.5130                 -6148.550               143520.000              10
15:12:04.312    27409589        600110          诺德股份        0               4500            5.2956                  -2005.290               21825.000               10
15:12:04.312    27409589        600126          杭钢股份        0               0               0.0000                  -348.620                0.000                   10
15:12:04.312    27409589        600129          太极集团        0               0               0.0000                  -519.840                0.000                   10
15:12:04.312    27409589        600132          重庆啤酒        0               0               0.0000                  129.050                 0.000                   10
15:12:04.312    27409589        600143          金发科技        0               0               0.0000                  4476.000                0.000                   10
15:12:04.312    27409589        600151          航天机电        0               0               0.0000                  -59.920                 0.000                   10
15:12:04.312    27409589        600161          天坛生物        0               0               0.0000                  881.730                 0.000                   10
15:12:04.312    27409589        600197          伊力特          5500            5500            16.7517                 15500.870               107635.000              10
15:12:04.312    27409589        600198          大唐电信        7100            9000            15.0411                 9170.420                144540.000              10
15:12:04.312    27409589        600199          金种子酒        0               100             4.8326                  150.740                 634.000                 10
15:12:04.312    27409589        600201          生物股份        0               0               0.0000                  123.660                 0.000                   10
15:12:04.312    27409589        600211          西藏药业        0               0               0.0000                  3512.590                0.000                   10
15:12:04.312    27409589        600216          XD浙江医        0               2000            19.5598                 -659.680                38460.000               10
15:12:04.312    27409589        600233          圆通速递        0               1000            21.4378                 -7027.840               14410.000               10
15:12:04.312    27409589        600246          万通地产        0               0               0.0000                  -38.890                 0.000                   10
15:12:04.312    27409589        600298          安琪酵母        0               0               0.0000                  6329.460                0.000                   10
15:12:04.312    27409589        600305          恒顺醋业        56              56              9.6541                  499.850                 1040.480                10
15:12:04.312    27409589        600309          万华化学        0               0               0.0000                  105.250                 0.000                   10
15:12:04.312    27409589        600315          上海家化        0               0               0.0000                  312.980                 0.000                   10
15:12:04.312    27409589        600316          洪都航空        0               0               0.0000                  81.240                  0.000                   10
15:12:04.312    27409589        600346          恒力石化        0               0               0.0000                  -100.680                0.000                   10
15:12:04.312    27409589        600375          华菱星马        0               0               0.0000                  -355.820                0.000                   10
15:12:04.312    27409589        600378          昊华科技        0               100             18.8565                 121.350                 2007.000                10
15:12:04.312    27409589        600380          健康元          0               0               0.0000                  -360.790                0.000                   10
15:12:04.312    27409589        600415          小商品城        0               0               0.0000                  -10686.990              0.000                   10
15:12:04.312    27409589        600418          江淮汽车        0               0               0.0000                  -20670.150              0.000                   10
15:12:04.312    27409589        600419          天润乳业        0               0               0.0000                  -64.900                 0.000                   10
15:12:04.312    27409589        600426          华鲁恒升        0               0               0.0000                  -14.440                 0.000                   10
15:12:04.312    27409589        600435          北方导航        0               0               0.0000                  -38.950                 0.000                   10
15:12:04.312    27409589        600438          通威股份        0               2400            16.0443                 3253.620                41760.000               10
15:12:04.312    27409589        600459          贵研铂业        0               0               0.0000                  11554.970               0.000                   10
15:12:04.312    27409589        600468          百利电气        0               0               0.0000                  58.760                  0.000                   10
15:12:04.312    27409589        600478          科力远          0               0               0.0000                  152.550                 0.000                   10
15:12:04.312    27409589        600486          扬农化工        0               600             86.2909                 -3072.550               48702.000               10
15:12:04.312    27409589        600503          华丽家族        0               0               0.0000                  1440.820                0.000                   10
15:12:04.312    27409589        600511          国药股份        2000            4000            42.4422                 8511.030                178280.000              10
15:12:04.312    27409589        600521          华海药业        0               0               0.0000                  3835.720                0.000                   10
15:12:04.312    27409589        600523          贵航股份        0               0               0.0000                  -44.880                 0.000                   10
15:12:04.312    27409589        600525          长园集团        0               0               0.0000                  -11.610                 0.000                   10
15:12:04.312    27409589        600529          山东药玻        0               2300            48.2305                 18605.940               129536.000              10
15:12:04.312    27409589        600549          厦门钨业        0               0               0.0000                  -113.900                0.000                   10
15:12:04.312    27409589        600559          老白干酒        0               100             9.9722                  179.780                 1177.000                10
15:12:04.312    27409589        600580          卧龙电驱        0               0               0.0000                  -78.080                 0.000                   10
15:12:04.312    27409589        600584          长电科技        0               0               0.0000                  178.910                 0.000                   10
15:12:04.312    27409589        600597          光明乳业        0               0               0.0000                  -1228.640               0.000                   10
15:12:04.312    27409589        600600          青岛啤酒        0               0               0.0000                  1701.920                0.000                   10
15:12:04.312    27409589        600609          金杯汽车        0               0               0.0000                  -2798.580               0.000                   10
15:12:04.312    27409589        600636          国新文化        0               0               0.0000                  -40.470                 0.000                   10
15:12:04.312    27409589        600637          东方明珠        0               0               0.0000                  -34.120                 0.000                   10
15:12:04.312    27409589        600641          万业企业        0               0               0.0000                  2498.830                0.000                   10
15:12:04.312    27409589        600645          中源协和        0               0               0.0000                  1830.150                0.000                   10
15:12:04.312    27409589        600676          交运股份        0               7600            6.0974                  -3552.560               42788.000               10
15:12:04.312    27409589        600702          舍得酒业        0               600             34.2594                 1620.350                22176.000               10
15:12:04.312    27409589        600711          盛屯矿业        0               5500            4.5328                  754.570                 25685.000               10
15:12:04.312    27409589        600732          爱旭股份        0               800             9.4921                  846.290                 8440.000                10
15:12:04.312    27409589        600733          北汽蓝谷        0               0               0.0000                  -395.320                0.000                   10
15:12:04.312    27409589        600745          闻泰科技        0               0               0.0000                  7918.340                0.000                   10
15:12:04.312    27409589        600750          江中药业        80              80              5.4805                  565.560                 1004.000                10
15:12:04.312    27409589        600754          锦江酒店        0               0               0.0000                  -154.180                0.000                   10
15:12:04.312    27409589        600785          新华百货        0               0               0.0000                  -41.930                 0.000                   10
15:12:04.312    27409589        600804          鹏博士          0               0               0.0000                  12590.710               0.000                   10
15:12:04.312    27409589        600809          山西汾酒        0               0               0.0000                  2044.800                0.000                   10
15:12:04.312    27409589        600812          华北制药        0               0               0.0000                  -4047.450               0.000                   10
15:12:04.312    27409589        600822          上海物贸        0               0               0.0000                  -11.700                 0.000                   10
15:12:04.312    27409589        600825          新华传媒        0               0               0.0000                  -77.250                 0.000                   10
15:12:04.312    27409589        600834          申通地铁        0               0               0.0000                  -49.410                 0.000                   10
15:12:04.312    27409589        600845          宝信软件        0               0               0.0000                  11549.870               0.000                   10
15:12:04.312    27409589        600861          北京城乡        0               400             15.7098                 -711.930                5572.000                10
15:12:04.312    27409589        600867          通化东宝        0               0               0.0000                  200.500                 0.000                   10
15:12:04.312    27409589        600872          中炬高新        0               0               0.0000                  3119.240                0.000                   10
15:12:04.312    27409589        600873          梅花生物        0               0               0.0000                  -24.180                 0.000                   10
15:12:04.312    27409589        600882          妙可蓝多        1200            1200            37.4919                 -1514.240               43476.000               10
15:12:04.312    27409589        600884          杉杉股份        50              50              -100.2684               5594.920                581.500                 10
15:12:04.312    27409589        600885          宏发股份        0               0               0.0000                  4748.790                0.000                   10
15:12:04.312    27409589        600887          伊利股份        0               0               0.0000                  688.030                 0.000                   10
15:12:04.312    27409589        600895          张江高科        0               0               0.0000                  1398.220                0.000                   10
15:12:04.312    27409589        600933          爱柯迪          0               0               0.0000                  281.670                 0.000                   10
15:12:04.312    27409589        600966          博汇纸业        0               1600            8.8361                  1862.270                16000.000               10
15:12:04.312    27409589        600984          建设机械        0               0               0.0000                  6477.200                0.000                   10
15:12:04.312    27409589        600988          赤峰黄金        0               0               0.0000                  6338.890                0.000                   10
15:12:04.312    27409589        600993          马应龙          0               0               0.0000                  334.880                 0.000                   10
15:12:04.312    27409589        600999          招商证券        0               0               0.0000                  1149.770                0.000                   10
15:12:04.312    27409589        601012          隆基股份        0               0               0.0000                  1158.520                0.000                   10
15:12:04.312    27409589        601021          春秋航空        0               0               0.0000                  -495.540                0.000                   10
15:12:04.312    27409589        601028          玉龙股份        0               0               0.0000                  1331.870                0.000                   10
15:12:04.312    27409589        601066          中信建投        0               0               0.0000                  383.470                 0.000                   10
15:12:04.312    27409589        601100          恒立液压        0               0               0.0000                  -85.810                 0.000                   10
15:12:04.312    27409589        601137          博威合金        0               0               0.0000                  97.040                  0.000                   10
15:12:04.312    27409589        601231          环旭电子        0               0               0.0000                  -162.800                0.000                   10
15:12:04.312    27409589        601233          桐昆股份        0               0               0.0000                  16.420                  0.000                   10
15:12:04.312    27409589        601606          长城军工        0               0               0.0000                  351.710                 0.000                   10
15:12:04.312    27409589        601636          旗滨集团        0               0               0.0000                  30.560                  0.000                   10
15:12:04.312    27409589        601689          拓普集团        0               0               0.0000                  584.530                 0.000                   10
15:12:04.312    27409589        601717          郑煤机          0               0               0.0000                  -64.350                 0.000                   10
15:12:04.312    27409589        601727          上海电气        0               0               0.0000                  -205.730                0.000                   10
15:12:04.312    27409589        601788          光大证券        0               0               0.0000                  1750.650                0.000                   10
15:12:04.312    27409589        601818          光大银行        0               0               0.0000                  -6.450                  0.000                   10
15:12:04.312    27409589        601828          美凯龙          0               0               0.0000                  -351.090                0.000                   10
15:12:04.312    27409589        601878          浙商证券        0               0               0.0000                  -27.710                 0.000                   10
15:12:04.312    27409589        601881          中国银河        0               5000            10.5651                 3574.530                56400.000               10
15:12:04.312    27409589        601888          中国中免        0               0               0.0000                  12697.910               0.000                   10
15:12:04.312    27409589        603010          万盛股份        0               0               0.0000                  -26.020                 0.000                   10
15:12:04.312    27409589        603027          千禾味业        80              80              7.0006                  1890.350                2450.400                10
15:12:04.312    27409589        603030          全筑股份        0               0               0.0000                  1847.910                0.000                   10
15:12:04.312    27409589        603033          三维股份        400             400             22.4289                 -207.540                8764.000                10
15:12:04.312    27409589        603039          泛微网络        0               0               0.0000                  923.650                 0.000                   10
15:12:04.312    27409589        603055          台华新材        0               600             7.7701                  -222.080                4440.000                10
15:12:04.312    27409589        603056          德邦股份        0               0               0.0000                  -705.100                0.000                   10
15:12:04.312    27409589        603060          国检集团        0               0               0.0000                  62.930                  0.000                   10
15:12:04.312    27409589        603069          海汽集团        0               1100            13.2068                 1807.570                16335.000               10
15:12:04.312    27409589        603078          江化微          0               0               0.0000                  35.740                  0.000                   10
15:12:04.312    27409589        603083          剑桥科技        0               0               0.0000                  -945.520                0.000                   10
15:12:04.312    27409589        603103          横店影视        0               0               0.0000                  -79.980                 0.000                   10
15:12:04.312    27409589        603108          润达医疗        0               0               0.0000                  -513.320                0.000                   10
15:12:04.312    27409589        603113          金能科技        0               0               0.0000                  -1944.680               0.000                   10
15:12:04.312    27409589        603123          翠微股份        0               0               0.0000                  -94.910                 0.000                   10
15:12:04.312    27409589        603127          昭衍新药        0               1400            87.8824                 17944.690               140980.000              10
15:12:04.312    27409589        603129          春风动力        800             800             66.1558                 731.360                 53656.000               10
15:12:04.312    27409589        603138          海量数据        0               0               0.0000                  405.060                 0.000                   10
15:12:04.312    27409589        603158          腾龙股份        0               0               0.0000                  -17.030                 0.000                   10
15:12:04.312    27409589        603179          新泉股份        0               0               0.0000                  -56.610                 0.000                   10
15:12:04.312    27409589        603181          皇马科技        0               0               0.0000                  487.390                 0.000                   10
15:12:04.312    27409589        603185          上机数控        0               0               0.0000                  10120.510               0.000                   10
15:12:04.312    27409589        603187          海容冷链        0               0               0.0000                  -2397.530               0.000                   10
15:12:04.312    27409589        603197          保隆科技        0               0               0.0000                  -1991.810               0.000                   10
15:12:04.312    27409589        603198          迎驾贡酒        0               0               0.0000                  -242.860                0.000                   10
15:12:04.312    27409589        603218          日月股份        0               0               0.0000                  58.560                  0.000                   10
15:12:04.312    27409589        603229          奥翔药业        60              560             45.2436                 2803.600                28140.000               10
15:12:04.312    27409589        603233          大参林          100             100             76.2267                 -57.670                 7565.000                10
15:12:04.312    27409589        603238          诺邦股份        0               0               0.0000                  18.470                  0.000                   10
15:12:04.312    27409589        603239          浙江仙通        0               0               0.0000                  -60.730                 0.000                   10
15:12:04.312    27409589        603258          电魂网络        0               1200            48.2263                 2740.390                60612.000               10
15:12:04.312    27409589        603260          合盛硅业        0               0               0.0000                  48.530                  0.000                   10
15:12:04.312    27409589        603283          赛腾股份        0               0               0.0000                  251.370                 0.000                   10
15:12:04.312    27409589        603298          杭叉集团        9800            9800            10.0306                 7736.060                106036.000              10
15:12:04.312    27409589        603301          振德医疗        0               0               0.0000                  2886.180                0.000                   10
15:12:04.312    27409589        603308          应流股份        0               0               0.0000                  169.540                 0.000                   10
15:12:04.312    27409589        603315          福鞍股份        0               0               0.0000                  2.410                   0.000                   10
15:12:04.312    27409589        603317          天味食品        0               0               0.0000                  1296.590                0.000                   10
15:12:04.312    27409589        603338          浙江鼎力        700             700             74.9108                 62.460                  52500.000               10
15:12:04.312    27409589        603348          文灿股份        0               0               0.0000                  -55.990                 0.000                   10
15:12:04.312    27409589        603358          华达科技        0               0               0.0000                  -553.400                0.000                   10
15:12:04.312    27409589        603363          傲农生物        0               0               0.0000                  123.090                 0.000                   10
15:12:04.312    27409589        603378          亚士创能        0               0               0.0000                  -8151.590               0.000                   10
15:12:04.312    27409589        603385          惠达卫浴        0               200             14.1217                 -42.340                 2782.000                10
15:12:04.312    27409589        603429          集友股份        0               0               0.0000                  -60.940                 0.000                   10
15:12:04.312    27409589        603456          九洲药业        0               900             22.1654                 4828.140                24777.000               10
15:12:04.312    27409589        603466          风语筑          0               1200            16.6980                 3278.460                23316.000               10
15:12:04.312    27409589        603486          科沃斯          0               0               0.0000                  1249.840                0.000                   10
15:12:04.312    27409589        603501          韦尔股份        0               100             614.4250                -41459.500              19983.000               10
15:12:04.312    27409589        603506          南都物业        0               100             28.5217                 106.830                 2959.000                10
15:12:04.312    27409589        603517          绝味食品        0               200             63.8976                 1240.480                14020.000               10
15:12:04.312    27409589        603520          司太立          0               0               0.0000                  1668.220                0.000                   10
15:12:04.312    27409589        603528          多伦科技        0               0               0.0000                  -167.400                0.000                   10
15:12:04.312    27409589        603533          掌阅科技        0               0               0.0000                  -491.110                0.000                   10
15:12:04.312    27409589        603538          XD美诺华        0               500             53.8755                 -1647.750               25290.000               10
15:12:04.312    27409589        603557          起步股份        0               0               0.0000                  52.900                  0.000                   10
15:12:04.312    27409589        603558          健盛集团        0               0               0.0000                  -51.400                 0.000                   10
15:12:04.312    27409589        603566          普莱柯          1600            1600            27.3283                 50.750                  43776.000               10
15:12:04.312    27409589        603583          捷昌驱动        0               800             68.9035                 -2122.790               53000.000               10
15:12:04.312    27409589        603589          口子窖          0               0               0.0000                  -98.840                 0.000                   10
15:12:04.312    27409589        603590          康辰药业        0               0               0.0000                  13.510                  0.000                   10
15:12:04.312    27409589        603595          东尼电子        0               0               0.0000                  -293.120                0.000                   10
15:12:04.312    27409589        603596          伯特利          0               200             35.0056                 34.890                  7036.000                10
15:12:04.312    27409589        603605          珀莱雅          0               0               0.0000                  4410.450                0.000                   10
15:12:04.312    27409589        603609          禾丰牧业        0               0               0.0000                  -22.830                 0.000                   10
15:12:04.312    27409589        603612          索通发展        0               0               0.0000                  -78.400                 0.000                   10
15:12:04.312    27409589        603638          艾迪精密        0               900             41.9516                 6460.520                44217.000               10
15:12:04.312    27409589        603650          彤程新材        0               2400            21.6785                 4539.520                56568.000               10
15:12:04.312    27409589        603659          璞泰来          200             400             99.8074                 477.030                 40400.000               10
15:12:04.312    27409589        603661          恒林股份        400             400             51.0530                 -229.180                20192.000               10
15:12:04.312    27409589        603678          火炬电子        0               0               0.0000                  -23.900                 0.000                   10
15:12:04.312    27409589        603680          今创集团        0               0               0.0000                  -72.640                 0.000                   10
15:12:04.312    27409589        603686          龙马环卫        0               0               0.0000                  604.950                 0.000                   10
15:12:04.312    27409589        603688          石英股份        0               200             23.0136                 107.280                 4710.000                10
15:12:04.312    27409589        603690          XD至纯科        0               1000            38.1555                 2094.460                40250.000               10
15:12:04.312    27409589        603693          江苏新能        0               0               0.0000                  -177.200                0.000                   10
15:12:04.312    27409589        603699          纽威股份        0               0               0.0000                  -44.910                 0.000                   10
15:12:04.312    27409589        603700          宁水集团        60              60              41.9937                 -749.620                1770.000                10
15:12:04.312    27409589        603707          健友股份        0               0               0.0000                  -386.710                0.000                   10
15:12:04.312    27409589        603712          七一二          0               0               0.0000                  563.600                 0.000                   10
15:12:04.312    27409589        603713          密尔克卫        100             100             96.9637                 531.630                 10228.000               10
15:12:04.312    27409589        603718          海利生物        0               0               0.0000                  -657.630                0.000                   10
15:12:04.312    27409589        603728          鸣志电器        0               0               0.0000                  -89.650                 0.000                   10
15:12:04.312    27409589        603733          仙鹤股份        0               0               0.0000                  -51.370                 0.000                   10
15:12:04.312    27409589        603737          DR三棵树        0               0               0.0000                  -6511.160               0.000                   10
15:12:04.312    27409589        603739          蔚蓝生物        0               0               0.0000                  8.100                   0.000                   10
15:12:04.312    27409589        603788          宁波高发        0               0               0.0000                  246.820                 0.000                   10
15:12:04.312    27409589        603799          华友钴业        0               3100            38.6560                 -1971.580               117862.000              10
15:12:04.312    27409589        603801          志邦家居        0               0               0.0000                  0.510                   0.000                   10
15:12:04.312    27409589        603806          福斯特          0               2000            43.4433                 11013.380               97900.000               10
15:12:04.312    27409589        603825          华扬联众        0               1800            31.2499                 -737.870                55512.000               10
15:12:04.312    27409589        603826          坤彩科技        400             400             31.5271                 589.150                 13200.000               10
15:12:04.312    27409589        603833          欧派家居        0               0               0.0000                  -227.490                0.000                   10
15:12:04.312    27409589        603855          华荣股份        0               300             15.9170                 114.890                 4890.000                10
15:12:04.312    27409589        603858          步长制药        0               0               0.0000                  503.060                 0.000                   10
15:12:04.312    27409589        603866          桃李面包        0               0               0.0000                  51.860                  0.000                   10
15:12:04.312    27409589        603881          数据港          0               500             96.4139                 4018.070                52225.000               10
15:12:04.312    27409589        603882          金域医学        0               0               0.0000                  2942.740                0.000                   10
15:12:04.312    27409589        603883          老百姓          0               200             95.1714                 261.730                 19296.000               10
15:12:04.312    27409589        603890          春秋电子        0               0               0.0000                  1982.020                0.000                   10
15:12:04.312    27409589        603898          好莱客          0               0               0.0000                  -104.750                0.000                   10
15:12:04.312    27409589        603899          晨光文具        0               0               0.0000                  -324.120                0.000                   10
15:12:04.312    27409589        603912          佳力图          0               0               0.0000                  1516.210                0.000                   10
15:12:04.312    27409589        603916          苏博特          400             800             27.7357                 -2068.520               20120.000               10
15:12:04.312    27409589        603919          金徽酒          0               900             15.3896                 1098.400                14949.000               10
15:12:04.312    27409589        603936          博敏电子        0               100             13.4678                 123.220                 1470.000                10
15:12:04.312    27409589        603960          克来机电        500             1200            26.8767                 -104.070                32148.000               10
15:12:04.312    27409589        603979          金诚信          0               0               0.0000                  4.750                   0.000                   10
15:12:04.312    27409589        603987          康德莱          0               1400            16.1116                 1187.830                23744.000               10
15:12:04.312    27409589        603990          麦迪科技        0               0               0.0000                  -60.860                 0.000                   10
15:12:04.312    27409589        603999          读者传媒        0               0               0.0000                  -32.730                 0.000                   10
15:12:04.312    27409589        753187          海容配债        40              40              0.0000                  0.000                   0.000                   10
