时间            资产账户        证券代码        证券名称        可用数量        库存数量        参考成本                参考盈亏                市值                交易板块
15:16:12.458    56699491        000030          富奥股份        172900          172900          6.1857                  158084.810              1227590.000             00
15:16:12.458    56699491        000078          海王生物        67300           67300           4.3908                  5327.870                300831.000              00
15:16:12.458    56699491        000100          TCL科技         219300          219300          6.4053                  88754.170               1493433.000             00
15:16:12.458    56699491        000155          川能动力        0               65100           5.6598                  -6500.000               361956.000              00
15:16:12.458    56699491        000518          四环生物        0               211500          4.3308                  6171.010                922140.000              00
15:16:12.458    56699491        000525          红太阳          0               37100           8.0024                  2877.640                299768.000              00
15:16:12.458    56699491        000564          供销大集        45              45              -1546.5880              69816.060               219.600                 00
15:16:12.458    56699491        000652          泰达股份        0               209300          6.8542                  -23904.550              1410682.000             00
15:16:12.458    56699491        000700          模塑科技        59600           167200          8.5045                  14300.870               1436248.000             00
15:16:12.458    56699491        000710          贝瑞基因        15800           15800           58.0006                 6626.940                923036.000              00
15:16:12.458    56699491        000793          华闻集团        0               326400          4.3627                  2381.490                1426368.000             00
15:16:12.458    56699491        000886          海南高速        85000           85000           5.0273                  39327.800               466650.000              00
15:16:12.458    56699491        000889          中嘉博创        18800           18800           9.6558                  9479.860                191008.000              00
15:16:12.458    56699491        000902          新洋丰          83500           83500           9.0995                  76859.660               836670.000              00
15:16:12.458    56699491        000932          华菱钢铁        0               71100           4.2308                  -2190.140               298620.000              00
15:16:12.458    56699491        002023          海特高新        88200           88200           16.1463                 57654.330               1481760.000             00
15:16:12.458    56699491        002030          达安基因        30600           50600           26.8504                 153297.730              1511928.000             00
15:16:12.458    56699491        002049          紫光国微        18100           18100           80.0452                 671777.780              2120596.000             00
15:16:12.458    56699491        002079          苏州固锝        79100           79100           13.6106                 11817.480               1088416.000             00
15:16:12.458    56699491        002091          江苏国泰        121400          121400          6.7021                  25238.370               838874.000              00
15:16:12.458    56699491        002126          银轮股份        0               0               0.0000                  75869.520               0.000                   00
15:16:12.458    56699491        002158          汉钟精机        52100           52100           13.9617                 6683.790                734089.000              00
15:16:12.458    56699491        002239          奥特佳          21800           21800           4.2908                  20038.230               113578.000              00
15:16:12.458    56699491        002261          拓维信息        99              99              -1123.3953              112191.280              975.150                 00
15:16:12.458    56699491        002277          友阿股份        0               325900          4.3600                  -3248.940               1417665.000             00
15:16:12.458    56699491        002279          久其软件        0               46600           7.6104                  5575.540                360218.000              00
15:16:12.458    56699491        002288          超华科技        0               103100          5.1316                  -5321.500               523748.000              00
15:16:12.458    56699491        002317          众生药业        35500           35500           13.1004                 156541.630              621605.000              00
15:16:12.458    56699491        002332          仙琚制药        83000           83000           16.2106                 20703.350               1366180.000             00
15:16:12.458    56699491        002338          奥普光电        0               0               0.0000                  63608.230               0.000                   00
15:16:12.458    56699491        002341          新纶科技        0               54200           5.1372                  694.120                 279130.000              00
15:16:12.458    56699491        002385          大北农          51200           51300           9.2177                  15505.860               488376.000              00
15:16:12.458    56699491        002397          梦洁股份        25400           75400           5.9209                  53465.190               499902.000              00
15:16:12.458    56699491        002407          多氟多          11000           11000           11.2642                 3913.810                127820.000              00
15:16:12.458    56699491        002412          汉森制药        0               84200           7.3209                  -916.150                615502.000              00
15:16:12.458    56699491        002413          雷科防务        47000           173300          8.1781                  12452.770               1429725.000             00
15:16:12.458    56699491        002429          兆驰股份        0               27400           5.6711                  -1673.510               153714.000              00
15:16:12.458    56699491        002436          兴森科技        0               21900           14.1627                 -1153.920               309009.000              00
15:16:12.458    56699491        002449          国星光电        0               0               0.0000                  34620.690               0.000                   00
15:16:12.458    56699491        002466          天齐锂业        59400           59400           22.2524                 211318.720              1533114.000             00
15:16:12.458    56699491        002481          双塔食品        0               82800           17.9987                 12523.900               1502820.000             00
15:16:12.458    56699491        002483          润邦股份        0               59500           4.7558                  2627.250                285600.000              00
15:16:12.458    56699491        002497          雅化集团        118000          118000          9.6571                  124240.190              1263780.000             00
15:16:12.458    56699491        002518          科士达          0               0               0.0000                  27100.770               0.000                   00
15:16:12.458    56699491        002541          鸿路钢构        35200           35200           27.9190                 8834.380                991584.000              00
15:16:12.458    56699491        002552          宝鼎科技        4000            4000            15.3817                 1633.310                63160.000               00
15:16:12.458    56699491        002557          洽洽食品        24500           24500           52.2175                 28970.960               1308300.000             00
15:16:12.458    56699491        002564          天沃科技        0               8600            4.1808                  -6.830                  35948.000               00
15:16:12.458    56699491        002565          顺灏股份        147700          147700          5.2916                  95769.390               877338.000              00
15:16:12.458    56699491        002581          未名医药        22400           52600           26.7877                 33258.630               1442292.000             00
15:16:12.458    56699491        002600          领益智造        0               0               0.0000                  95704.510               0.000                   00
15:16:12.458    56699491        002603          以岭药业        0               0               0.0000                  27148.710               0.000                   00
15:16:12.458    56699491        002616          长青集团        17500           17500           11.4045                 -2878.580               196700.000              00
15:16:12.458    56699491        002639          雪人股份        109800          109800          7.2543                  10503.680               807030.000              00
15:16:12.458    56699491        002705          新宝股份        11100           11100           34.4692                 4670.640                387279.000              00
15:16:12.458    56699491        002803          吉宏股份        48              48              -3278.9652              158891.290              1500.960                00
15:16:12.458    56699491        002837          英维克          5600            5600            27.9337                 20251.310               176680.000              00
15:16:12.458    56699491        002891          中宠股份        100             100             39.1074                 21.260                  3932.000                00
15:16:12.458    56699491        002940          昂利康          100             100             36.5773                 1763.270                5421.000                00
15:16:12.458    56699491        002955          鸿合科技        0               700             32.4676                 288.680                 23016.000               00
15:16:12.458    56699491        300009          安科生物        73385           73385           17.0502                 3653.060                1254883.500             00
15:16:12.458    56699491        300017          网宿科技        71              71              -741.7694               53374.210               708.580                 00
15:16:12.458    56699491        300026          红日药业        249600          249600          5.5183                  50341.330               1427712.000             00
15:16:12.458    56699491        300037          新宙邦          0               0               0.0000                  5888.160                0.000                   00
15:16:12.458    56699491        300041          回天新材        37500           37500           15.7984                 55560.430               648000.000              00
15:16:12.458    56699491        300113          顺网科技        0               0               0.0000                  -12674.860              0.000                   00
15:16:12.458    56699491        300161          华中数控        1700            1700            3.5514                  37686.560               43724.000               00
15:16:12.458    56699491        300174          元力股份        31000           31000           18.0090                 103570.950              661850.000              00
15:16:12.458    56699491        300189          神农科技        0               183400          4.1577                  -5086.860               757442.000              00
15:16:12.458    56699491        300203          聚光科技        62100           62100           17.8945                 -23259.100              1087992.000             00
15:16:12.458    56699491        300204          舒泰神          0               7200            11.4122                 -303.620                81864.000               00
15:16:12.458    56699491        300223          北京君正        0               0               0.0000                  150347.300              0.000                   00
15:16:12.458    56699491        300229          拓尔思          65000           65000           11.8491                 78055.760               848250.000              00
15:16:12.458    56699491        300242          佳云科技        43400           88800           6.5654                  28820.530               611832.000              00
15:16:12.458    56699491        300263          隆华科技        157200          157200          8.2830                  100131.580              1402224.000             00
15:16:12.458    56699491        300273          和佳医疗        43000           43000           7.6762                  10914.260               340990.000              00
15:16:12.458    56699491        300299          富春股份        106400          106400          8.8510                  176515.090              1118264.000             00
15:16:12.458    56699491        300324          旋极信息        25300           25300           6.4169                  16524.150               178871.000              00
15:16:12.458    56699491        300326          凯利泰          47800           52600           27.4084                 3241.000                1444922.000             00
15:16:12.458    56699491        300341          麦克奥迪        26300           27900           9.5473                  7609.410                273978.000              00
15:16:12.458    56699491        300366          创意信息        0               87100           9.9721                  -180.030                868387.000              00
15:16:12.458    56699491        300379          东方通          33100           33100           42.4084                 165221.430              1568940.000             00
15:16:12.458    56699491        300391          康跃科技        7700            7700            13.5993                 -9388.690               95326.000               00
15:16:12.458    56699491        300392          腾信股份        75900           75900           9.3179                  35070.670               742302.000              00
15:16:12.458    56699491        300409          道氏技术        0               3600            13.0369                 -1212.920               45720.000               00
15:16:12.458    56699491        300457          赢合科技        0               0               0.0000                  52283.010               0.000                   00
15:16:12.458    56699491        300485          赛升药业        12              12              3506.6033               -41809.240              270.000                 00
15:16:12.458    56699491        300558          贝达药业        0               0               0.0000                  49368.570               0.000                   00
15:16:12.458    56699491        300573          兴齐眼药        3800            3800            147.3934                -31096.790              528998.000              00
15:16:12.458    56699491        300633          开立医疗        11200           11200           37.7195                 -10298.300              412160.000              00
15:16:12.458    56699491        300677          英科医疗        3400            3400            49.6586                 280640.930              449480.000              00
15:16:12.458    56699491        300683          海特生物        14000           14000           54.5572                 45398.880               809200.000              00
15:16:12.458    56699491        300731          科创新源        1300            1300            34.4881                 -634.550                44200.000               00
15:16:12.458    56699491        300765          新诺威          39110           39110           22.7208                 25000.200               913609.600              00
15:16:12.458    56699491        300775          三角防务        19500           19500           21.8008                 41715.280               466830.000              00
15:16:12.458    56699491        511990          华宝添益        7               7               -14018.1329             98826.783               699.853                 10
15:16:12.458    56699491        600006          东风汽车        0               168500          4.3822                  -10473.040              727920.000              10
15:16:12.458    56699491        600037          歌华有线        24900           24900           15.2182                 1289.410                380223.000              10
15:16:12.458    56699491        600068          葛洲坝          0               201300          6.9768                  636.150                 1405074.000             10
15:16:12.458    56699491        600079          人福医药        0               0               0.0000                  22979.490               0.000                   10
15:16:12.458    56699491        600126          杭钢股份        147900          147900          8.8464                  40465.290               1348848.000             10
15:16:12.458    56699491        600168          武汉控股        0               53830           7.5341                  5164.500                410722.900              10
15:16:12.458    56699491        600182          S佳通           9100            9100            14.8438                 238.610                 135317.000              10
15:16:12.458    56699491        600197          伊力特          0               0               0.0000                  32455.790               0.000                   10
15:16:12.458    56699491        600392          盛和资源        0               78200           7.9610                  -862.720                621690.000              10
15:16:12.458    56699491        600458          时代新材        0               44800           7.1171                  -2558.950               316288.000              10
15:16:12.458    56699491        600477          杭萧钢构        0               105800          4.0114                  -143.080                424258.000              10
15:16:12.458    56699491        600486          扬农化工        0               0               0.0000                  2461.370                0.000                   10
15:16:12.458    56699491        600499          科达洁能        0               51300           4.5538                  -3786.040               229824.000              10
15:16:12.458    56699491        600502          安徽建工        0               168000          4.4199                  13452.090               756000.000              10
15:16:12.458    56699491        600635          大众公用        0               94725           5.1458                  -6231.540               481203.000              10
15:16:12.458    56699491        600640          号百控股        59000           59000           20.4252                 32732.050               1237820.000             10
15:16:12.458    56699491        600703          三安光电        0               0               0.0000                  207431.690              0.000                   10
15:16:12.458    56699491        600707          彩虹股份        24100           24100           4.7010                  3832.210                117126.000              10
15:16:12.458    56699491        600748          上实发展        0               0               0.0000                  -3618.440               0.000                   10
15:16:12.458    56699491        600812          华北制药        0               0               0.0000                  118320.970              0.000                   10
15:16:12.458    56699491        600827          百联股份        81800           81800           18.0055                 309568.750              1782422.000             10
15:16:12.458    56699491        600965          福成股份        500             500             6.8214                  49.300                  3460.000                10
15:16:12.458    56699491        601068          中铝国际        0               33800           4.2378                  73.920                  143312.000              10
15:16:12.458    56699491        603019          中科曙光        0               0               0.0000                  214210.750              0.000                   10
15:16:12.458    56699491        603079          圣达生物        22900           22900           29.8379                 28215.280               711503.000              10
15:16:12.458    56699491        603200          上海洗霸        0               3600            41.5804                 1510.560                151200.000              10
15:16:12.458    56699491        603393          新天然气        8400            8400            38.7797                 -7977.830               317772.000              10
15:16:12.458    56699491        603520          司太立          5400            5400            79.2576                 -23800.920              404190.000              10
15:16:12.458    56699491        603528          多伦科技        1500            1500            10.1295                 450.820                 15645.000               10
15:16:12.458    56699491        603650          彤程新材        11700           11700           17.9979                 140307.250              350883.000              10
15:16:12.458    56699491        603707          健友股份        0               0               0.0000                  -13404.580              0.000                   10
15:16:12.458    56699491        603882          金域医学        0               0               0.0000                  -57610.400              0.000                   10
15:16:12.458    56699491        603956          威派格          20800           20800           16.6176                 4001.390                349648.000              10
15:16:12.458    56699491        603959          百利科技        0               31100           8.8533                  12337.070               287675.000              10
15:16:12.458    56699491        603997          继峰股份        89700           89700           7.2783                  13604.880               666471.000              10
