时间            委托编号        委托标识        成交编号                证券代码        交易业务                成交数量        成交价格        委托状态        汇总成交        汇总撤单
09:17:08.000    226168201       10001           WTD:1046000001          601818          100 证券买入            -100            3.6000          已撤            0               0
09:30:27.000    206176076       10002           619184                  603707          101 证券卖出            10              55.5100         已成            0               0
09:32:46.000    214175508       10009           0102000002373719        300552          100 证券买入            200             47.4500         已成            0               0
09:32:46.000    218173563       10010           0102000002373753        002475          100 证券买入            3000            51.3300         已成            0               0
09:32:47.000    234171065       10012           0104000002422899        300661          100 证券买入            200             326.2800        已成            0               0
09:32:46.000    222179851       10005           1528597                 603486          101 证券卖出            1800            37.7800         部分成交        0               0
09:32:47.000    210171653       10014           0101000002439374        002084          100 证券买入            1600            10.3800         已成            0               0
09:32:47.000    238177536       10007           0101000002440476        300255          101 证券卖出            6300            7.6800          已成            0               0
09:32:47.000    238177535       10003           0104000002426591        300769          101 证券卖出            100             98.3500         已成            0               0
09:32:47.000    206176340       10013           1531205                 600745          100 证券买入            500             136.9500        已成            0               0
09:32:47.000    222179851       10005           1531375                 603486          101 证券卖出            200             37.7800         部分成交        0               0
09:32:47.000    222179851       10005           1531376                 603486          101 证券卖出            100             37.7800         已成            0               0
09:32:47.000    230178523       10011           0101000002443155        300502          100 证券买入            -300            72.2900         已撤            0               0
09:32:47.000    202168315       10008           0104000002428066        300782          100 证券买入            -100            415.7000        已撤            0               0
09:32:50.000    202168314       10004           WTD:1046000004          600158          101 证券卖出            -7900           9.5200          已撤            0               0
09:32:50.000    226168526       10006           WTD:1046000005          600805          101 证券卖出            -17200          4.4000          已撤            0               0
09:32:52.000    234171070       10015           0102000002414457        002440          101 证券卖出            2500            10.2400         部分成交        0               0
09:32:52.000    234171070       10015           0102000002414459        002440          101 证券卖出            200             10.2300         已成            0               0
09:32:52.000    202168326       10017           0101000002478616        300255          101 证券卖出            2200            7.6500          已成            0               0
09:32:52.000    222179863       10018           0104000002466209        300769          101 证券卖出            100             98.3700         已成            0               0
09:32:52.000    234171073       10021           0101000002480960        300475          101 证券卖出            400             9.7000          已成            0               0
09:32:52.000    206176354       10023           0104000002468111        300782          100 证券买入            100             415.5900        已成            0               0
09:32:52.000    214175520       10025           0101000002482333        002084          100 证券买入            300             10.3700         已成            0               0
09:32:52.000    234171076       10027           0101000002483025        300502          100 证券买入            100             72.0900         已成            0               0
09:32:52.000    210171662       10024           1564526                 600745          100 证券买入            400             136.8900        已成            0               0
09:32:52.000    226168540       10019           1564601                 600158          101 证券卖出            3000            9.4900          已成            0               0
09:32:53.000    206176355       10028           0104000002476337        300661          100 证券买入            -100            325.9600        已撤            0               0
09:32:53.000    238177551       10022           0102000002426282        300552          100 证券买入            -100            47.3300         已撤            0               0
09:32:54.000    230178543       10026           0102000002431691        002475          100 证券买入            3600            51.3900         已成            0               0
09:32:54.000    230178539       10020           WTD:1046000012          603486          101 证券卖出            -1000           37.7700         已撤            0               0
09:32:57.000    202168334       10032           0101000002524459        300502          100 证券买入            100             72.1200         已成            0               0
09:32:58.000    222179872       10035           0101000002526577        002084          100 证券买入            100             10.3700         已成            0               0
09:32:58.000    226168549       10036           0103000002782575        300628          100 证券买入            200             62.3400         部分成交        0               0
09:32:58.000    226168549       10036           0103000002782577        300628          100 证券买入            100             62.3600         部分成交        0               0
09:32:58.000    226168549       10036           0103000002782579        300628          100 证券买入            100             62.3600         已成            0               0
09:32:58.000    214175528       10033           0104000002517353        300661          100 证券买入            100             326.7600        部分成交        0               0
09:32:58.000    222179871       10030           0101000002530375        300475          101 证券卖出            400             9.7000          部分成交        0               0
09:32:58.000    222179871       10030           0101000002530949        300475          101 证券卖出            300             9.7000          已成            0               0
09:32:58.000    202168335       10038           0102000002465303        300552          100 证券买入            300             47.4300         已成            0               0
09:32:58.000    218173587       10034           1594799                 600745          100 证券买入            900             136.9800        部分成交        0               0
09:32:58.000    218173587       10034           1594800                 600745          100 证券买入            100             136.9800        部分成交        0               0
09:32:58.000    218173587       10034           1594801                 600745          100 证券买入            500             136.9800        已成            0               0
09:32:59.000    214175528       10033           0104000002523364        300661          100 证券买入            100             326.7600        部分成交        0               0
09:32:59.000    214175528       10033           0104000002523406        300661          100 证券买入            100             326.7600        已成            0               0
09:32:59.000    238177559       10031           0102000002471645        002475          100 证券买入            -700            51.4100         已撤            0               0
09:32:59.000    218173586       10029           0101000002540287        300255          101 证券卖出            -1000           7.6700          已撤            0               0
09:33:00.000    238177561       10037           0104000002530200        300782          100 证券买入            -100            415.9100        已撤            0               0
09:33:03.000    206176372       10040           0102000002506854        300552          100 证券买入            200             47.4000         已成            0               0
09:33:03.000    210171672       10041           0104000002560953        300782          100 证券买入            100             416.4600        已成            0               0
09:33:03.000    238177567       10039           0101000002571762        300255          101 证券卖出            15000           7.6300          已成            0               0
09:33:03.000    202168344       10045           0104000002562958        300661          100 证券买入            200             326.0000        已成            0               0
09:33:03.000    230178555       10042           0101000002572893        002084          100 证券买入            200             10.3700         已成            0               0
09:33:03.000    234171093       10043           0102000002508615        002475          100 证券买入            5000            51.5600         已成            0               0
09:33:03.000    238177568       10044           0101000002573935        300502          100 证券买入            100             72.0700         已成            0               0
09:33:03.000    230178556       10046           1630793                 600745          100 证券买入            300             136.9900        部分成交        0               0
09:33:03.000    230178556       10046           1630794                 600745          100 证券买入            100             137.0000        部分成交        0               0
09:33:03.000    230178556       10046           1630795                 600745          100 证券买入            200             137.0000        部分成交        0               0
09:33:03.000    230178556       10046           1630796                 600745          100 证券买入            100             137.0000        部分成交        0               0
09:33:03.000    230178556       10046           1630797                 600745          100 证券买入            200             137.0000        部分成交        0               0
09:33:03.000    230178556       10046           1630798                 600745          100 证券买入            200             137.0000        部分成交        0               0
09:33:03.000    230178556       10046           1630799                 600745          100 证券买入            300             137.0000        已成            0               0
09:33:08.000    206176379       10047           0104000002615543        002312          101 证券卖出            800             6.0900          已成            0               0
09:33:09.000    238177577       10049           0104000002617385        300782          100 证券买入            100             416.3500        已成            0               0
09:33:09.000    234171101       10051           0101000002626246        002084          100 证券买入            100             10.3500         部分成交        0               0
09:33:09.000    238177578       10052           0102000002564767        002475          100 证券买入            400             51.5600         已成            0               0
09:33:09.000    234171101       10051           0101000002626248        002084          100 证券买入            1400            10.3600         已成            0               0
09:33:09.000    202168356       10050           1663232                 600745          100 证券买入            700             137.0000        已成            0               0
09:33:11.000    202168357       10053           0101000002649512        300502          100 证券买入            100             72.1500         已成            0               0
09:33:11.000    238177546       10016           1677667                 600805          101 证券卖出            1800            4.3900          部分成交        0               0
09:33:11.000    238177546       10016           1677668                 600805          101 证券卖出            1500            4.3900          部分成交        0               0
09:33:11.000    238177546       10016           1677682                 600805          101 证券卖出            4100            4.3900          部分成交        0               0
09:33:11.000    218173605       10048           0102000002592695        300552          100 证券买入            200             47.3300         已成            0               0
09:33:12.000    238177546       10016           1685992                 600805          101 证券卖出            200             4.3900          部分成交        0               0
09:33:12.000    238177546       10016           1685997                 600805          101 证券卖出            400             4.3900          部分成交        0               0
09:33:12.000    238177546       10016           1686116                 600805          101 证券卖出            500             4.3900          部分成交        0               0
09:33:12.000    238177546       10016           1686358                 600805          101 证券卖出            100             4.3900          部分成交        0               0
09:33:13.000    234171110       10055           0104000002670263        300782          100 证券买入            100             416.3400        已成            0               0
09:33:13.000    214175550       10054           1693372                 600158          101 证券卖出            4900            9.5500          部分成交        0               0
09:33:13.000    214175550       10054           1693373                 600158          101 证券卖出            1700            9.5500          部分成交        0               0
09:33:13.000    214175550       10054           1693374                 600158          101 证券卖出            400             9.5500          已成            0               0
09:33:17.000    238177546       10016           1713206                 600805          101 证券卖出            1000            4.3900          部分成交        0               0
09:33:18.000    222179905       10056           0104000002720330        300782          100 证券买入            100             416.3500        已成            0               0
09:33:20.000    238177546       10016           1734399                 600805          101 证券卖出            300             4.3900          部分成交        0               0
09:33:20.000    206176399       10058           0101000002739489        002084          100 证券买入            -700            10.3200         已撤            0               0
09:33:20.000    226168581       10057           0101000002741024        300502          100 证券买入            -100            72.3700         已撤            0               0
09:33:21.000    238177546       10016           1743467                 600805          101 证券卖出            1600            4.3900          部分成交        0               0
09:33:21.000    238177546       10016           1743708                 600805          101 证券卖出            100             4.3900          部分成交        0               0
09:33:21.000    238177546       10016           1745329                 600805          101 证券卖出            3400            4.3900          部分成交        0               0
09:33:21.000    238177546       10016           1745749                 600805          101 证券卖出            500             4.3900          部分成交        0               0
09:33:21.000    238177546       10016           1745760                 600805          101 证券卖出            1700            4.3900          已成            0               0
09:33:24.000    226168594       10059           0102000002710214        002440          101 证券卖出            6500            10.3200         已成            0               0
09:33:24.000    202168387       10060           0101000002770471        300255          101 证券卖出            300             7.6000          已成            0               0
09:33:24.000    234171126       10064           0101000002771241        300502          100 证券买入            300             72.3400         已成            0               0
09:33:24.000    206176407       10061           1758791                 600158          101 证券卖出            1000            9.5900          部分成交        0               0
09:33:24.000    206176407       10061           1758792                 600158          101 证券卖出            2000            9.5800          部分成交        0               0
09:33:24.000    230178589       10063           1759343                 601137          100 证券买入            300             14.8700         已成            0               0
09:33:24.000    206176407       10061           1758793                 600158          101 证券卖出            2300            9.5700          已成            0               0
09:33:24.000    226168595       10062           0104000002776537        002749          101 证券卖出            800             15.4400         已成            0               0
09:33:28.000    226168596       10065           0101000002812254        002084          100 证券买入            -100            10.3300         已撤            0               0
09:33:29.000    226168607       10068           0101000002817106        300255          101 证券卖出            9200            7.5800          部分成交        0               0
09:33:29.000    226168607       10068           0101000002817108        300255          101 证券卖出            2000            7.5800          部分成交        0               0
09:33:29.000    226168607       10068           0101000002817110        300255          101 证券卖出            500             7.5800          部分成交        0               0
09:33:29.000    226168607       10068           0101000002817112        300255          101 证券卖出            500             7.5800          部分成交        0               0
09:33:29.000    226168607       10068           0101000002817114        300255          101 证券卖出            200             7.5800          部分成交        0               0
09:33:29.000    226168607       10068           0101000002817116        300255          101 证券卖出            1000            7.5800          已成            0               0
09:33:29.000    206176417       10074           1789539                 601137          100 证券买入            900             14.8700         已成            0               0
09:33:30.000    222179921       10067           1791236                 603486          101 证券卖出            600             37.3900         已成            0               0
09:33:30.000    222179922       10070           0101000002824259        300502          100 证券买入            100             72.6000         已成            0               0
09:33:31.000    238177616       10071           0104000002829369        300661          100 证券买入            100             327.2200        已成            0               0
09:33:31.000    218173637       10069           0101000002837331        002084          100 证券买入            -900            10.3400         已撤            0               0
09:33:32.000    202168396       10072           0102000002782096        300552          100 证券买入            -100            47.5100         已撤            0               0
09:33:32.000    238177614       10066           0104000002841692        300769          101 证券卖出            -100            98.4800         已撤            0               0
09:33:32.000    202168397       10073           0104000002841743        300782          100 证券买入            -100            416.4800        已撤            0               0
09:33:34.000    214175583       10075           0101000002860944        300255          101 证券卖出            6300            7.5900          部分成交        0               0
09:33:34.000    214175583       10075           0101000002860946        300255          101 证券卖出            3100            7.5900          部分成交        0               0
09:33:34.000    214175583       10075           0101000002860948        300255          101 证券卖出            4000            7.5900          已成            0               0
09:33:34.000    206176421       10078           0104000002862074        300769          101 证券卖出            100             98.3900         已成            0               0
09:33:35.000    210171728       10083           0101000002864017        002084          100 证券买入            100             10.3600         部分成交        0               0
09:33:35.000    210171728       10083           0101000002864074        002084          100 证券买入            800             10.3600         已成            0               0
09:33:35.000    222179934       10084           0101000002866011        300502          100 证券买入            100             72.3800         已成            0               0
09:33:34.000    222179932       10076           1818583                 603486          101 证券卖出            100             37.3800         已成            0               0
09:33:35.000    226168614       10077           0104000002867366        002749          101 证券卖出            -100            15.4700         已撤            0               0
09:33:35.000    206176422       10082           1820681                 601137          100 证券买入            3500            14.8700         已成            0               0
09:33:35.000    210171727       10079           1820727                 600158          101 证券卖出            800             9.5900          部分成交        0               0
09:33:35.000    222179933       10080           0102000002808930        300552          100 证券买入            -400            47.5800         已撤            0               0
09:33:35.000    226168615       10081           0104000002869094        300782          100 证券买入            -100            416.4900        已撤            0               0
09:33:35.000    210171727       10079           1822431                 600158          101 证券卖出            2500            9.5900          部分成交        0               0
09:33:36.000    210171727       10079           1827883                 600158          101 证券卖出            900             9.5900          已成            0               0
09:33:38.000    230178601       10085           0104000002888625        300661          100 证券买入            -200            327.2300        已撤            0               0
09:33:40.000    222179942       10092           0102000002844253        300552          100 证券买入            200             47.5600         部分成交        0               0
09:33:40.000    222179942       10092           0102000002844255        300552          100 证券买入            400             47.5700         已成            0               0
09:33:40.000    206176430       10093           0101000002905651        300502          100 证券买入            100             72.3600         已成            0               0
09:33:40.000    222179943       10095           0101000002906355        002084          100 证券买入            100             10.3700         部分成交        0               0
09:33:40.000    222179943       10095           0101000002906357        002084          100 证券买入            200             10.3700         已成            0               0
09:33:40.000    206176429       10089           1848488                 603486          101 证券卖出            300             37.4000         部分成交        0               0
09:33:41.000    218173648       10091           0102000002847212        002440          101 证券卖出            2500            10.3000         已成            0               0
09:33:41.000    206176429       10089           1851690                 603486          101 证券卖出            100             37.4000         部分成交        0               0
09:33:41.000    206176429       10089           1851692                 603486          101 证券卖出            100             37.4000         部分成交        0               0
09:33:41.000    206176429       10089           1851705                 603486          101 证券卖出            100             37.4000         部分成交        0               0
09:33:41.000    206176429       10089           1852380                 603486          101 证券卖出            100             37.4000         已成            0               0
09:33:42.000    214175589       10087           0104000002916203        002749          101 证券卖出            -100            15.4600         已撤            0               0
09:33:42.000    230178606       10086           0101000002916313        300255          101 证券卖出            -7400           7.6100          已撤            0               0
09:33:42.000    210171734       10094           0104000002916499        300661          100 证券买入            -100            327.5600        已撤            0               0
09:33:42.000    214175590       10090           0104000002916663        300782          100 证券买入            -100            417.1600        已撤            0               0
09:33:42.000    210171733       10088           0104000002916765        300769          101 证券卖出            -100            98.6700         已撤            0               0
09:33:45.000    202168415       10101           0101000002944972        300502          100 证券买入            100             72.3800         已成            0               0
09:33:45.000    222179948       10098           1877911                 600875          101 证券卖出            100             10.1900         部分成交        0               0
09:33:45.000    222179948       10098           1877912                 600875          101 证券卖出            800             10.1900         部分成交        0               0
09:33:45.000    222179948       10098           1877913                 600875          101 证券卖出            200             10.1900         部分成交        0               0
09:33:45.000    222179948       10098           1877914                 600875          101 证券卖出            300             10.1700         部分成交        0               0
09:33:45.000    222179948       10098           1877915                 600875          101 证券卖出            700             10.1700         部分成交        0               0
09:33:45.000    222179948       10098           1877916                 600875          101 证券卖出            300             10.1700         已成            0               0
09:33:46.000    238177633       10100           1878355                 603486          101 证券卖出            900             37.4100         已成            0               0
09:33:46.000    206176437       10105           0102000002887015        300552          100 证券买入            100             47.5600         部分成交        0               0
09:33:46.000    206176437       10105           0102000002887017        300552          100 证券买入            100             47.5600         部分成交        0               0
09:33:46.000    206176437       10105           0102000002887019        300552          100 证券买入            100             47.5700         已成            0               0
09:33:46.000    202168414       10097           0101000002949736        300255          101 证券卖出            4700            7.5900          部分成交        0               0
09:33:46.000    238177632       10096           0102000002887912        002440          101 证券卖出            7700            10.3100         已成            0               0
09:33:46.000    202168414       10097           0101000002951278        300255          101 证券卖出            2000            7.5900          部分成交        0               0
09:33:47.000    230178613       10102           0104000002957418        300661          100 证券买入            100             327.9200        已成            0               0
09:33:47.000    202168414       10097           0101000002956500        300255          101 证券卖出            -5200           7.5900          部撤            0               0
09:33:47.000    234171150       10104           1883664                 601137          100 证券买入            2637            14.8700         部分成交        0               0
09:33:47.000    234171150       10104           1884987                 601137          100 证券买入            500             14.8700         部分成交        0               0
09:33:47.000    230178614       10103           0104000002960729        300782          100 证券买入            -100            416.4900        已撤            0               0
09:33:48.000    234171150       10104           1889082                 601137          100 证券买入            2663            14.8700         已成            0               0
09:33:50.000    226168623       10099           0104000002983913        002749          101 证券卖出            -1400           15.4800         已撤            0               0
09:33:51.000    222179954       10107           0101000002986266        300255          101 证券卖出            4700            7.5800          已成            0               0
09:33:51.000    238177638       10111           0101000002987545        002084          100 证券买入            400             10.3800         部分成交        0               0
09:33:51.000    234171158       10110           0102000002927580        002440          101 证券卖出            5300            10.3100         已成            0               0
09:33:51.000    238177638       10111           0101000002987547        002084          100 证券买入            800             10.3800         已成            0               0
09:33:51.000    214175606       10112           0101000002988369        300502          100 证券买入            100             72.2900         已成            0               0
09:33:51.000    218173660       10113           0102000002928430        300552          100 证券买入            100             47.5600         部分成交        0               0
09:33:51.000    218173660       10113           0102000002928432        300552          100 证券买入            400             47.5700         已成            0               0
09:33:51.000    202168424       10108           0104000002989803        300769          101 证券卖出            100             98.5100         已成            0               0
09:33:51.000    206176441       10109           1907567                 603486          101 证券卖出            300             37.4600         已成            0               0
09:33:53.000    206176442       10114           0104000003008705        300782          100 证券买入            -200            417.0900        已撤            0               0
09:33:54.000    218173658       10106           WTD:1046000032          600875          101 证券卖出            -1200           10.1900         已撤            0               0
09:33:57.000    206176452       10124           0102000002971893        300552          100 证券买入            300             47.5600         已成            0               0
09:33:57.000    206176450       10116           0101000003031490        300255          101 证券卖出            3200            7.5700          部分成交        0               0
09:33:57.000    230178631       10125           0104000003036679        300782          100 证券买入            100             417.9800        部分成交        0               0
09:33:57.000    230178631       10125           0104000003036681        300782          100 证券买入            100             417.9900        已成            0               0
09:33:57.000    234171167       10126           0104000003036691        300661          100 证券买入            100             327.8600        已成            0               0
09:33:57.000    226168640       10128           0101000003033079        002084          100 证券买入            600             10.3800         部分成交        0               0
09:33:57.000    226168640       10128           0101000003033081        002084          100 证券买入            500             10.3900         已成            0               0
09:33:57.000    238177648       10121           1938093                 603486          101 证券卖出            300             37.4200         已成            0               0
09:33:57.000    206176450       10116           0101000003033134        300255          101 证券卖出            2000            7.5700          部分成交        0               0
09:33:57.000    206176450       10116           0101000003035164        300255          101 证券卖出            2000            7.5700          已成            0               0
09:33:57.000    202168429       10115           WTD:1046000035          600875          101 证券卖出            -1100           10.1700         已撤            0               0
09:33:57.000    226168638       10120           WTD:1046000036          600158          101 证券卖出            -4000           9.5800          已撤            0               0
09:33:58.000    202168431       10122           0102000002981868        002440          101 证券卖出            4000            10.2900         已成            0               0
09:33:58.000    202168432       10123           WTD:1046000038          601137          100 证券买入            -2912           14.8700         部撤            0               0
09:33:58.000    202168432       10123           1947265                 601137          100 证券买入            88              14.8700         部撤            0               0
09:33:59.000    226168637       10117           0104000003054644        002749          101 证券卖出            1200            15.4300         部分成交        0               0
09:33:59.000    226168637       10117           0104000003055173        002749          101 证券卖出            200             15.4300         部分成交        0               0
09:33:59.000    226168637       10117           0104000003055618        002749          101 证券卖出            -300            15.4300         部撤            0               0
09:33:59.000    218173669       10127           0101000003050492        300502          100 证券买入            -100            72.1000         已撤            0               0
09:33:59.000    230178630       10118           0101000003052520        300475          101 证券卖出            200             9.8100          已成            0               0
09:34:02.000    230178637       10130           0101000003076271        300255          101 证券卖出            11900           7.6000          已成            0               0
09:34:02.000    222179974       10135           0104000003084556        300782          100 证券买入            400             417.5000        已成            0               0
09:34:02.000    230178638       10137           0101000003077628        300502          100 证券买入            100             72.2200         已成            0               0
09:34:03.000    206176462       10138           0101000003078986        002084          100 证券买入            200             10.3900         已成            0               0
09:34:02.000    218173687       10134           0102000003017341        002440          101 证券卖出            3200            10.3000         已成            0               0
09:34:02.000    226168658       10129           1969450                 600875          101 证券卖出            1300            10.1600         部分成交        0               0
09:34:02.000    226168658       10129           1969451                 600875          101 证券卖出            100             10.1500         部分成交        0               0
09:34:02.000    226168658       10129           1969452                 600875          101 证券卖出            100             10.1500         已成            0               0
09:34:03.000    210171764       10132           1972118                 600158          101 证券卖出            3200            9.5600          部分成交        0               0
09:34:03.000    234171185       10131           0104000003090298        002749          101 证券卖出            1400            15.4200         已成            0               0
09:34:03.000    222179964       10119           0104000003092489        300769          101 证券卖出            -400            98.7600         已撤            0               0
09:34:04.000    214175625       10133           WTD:1046000044          603486          101 证券卖出            -400            37.3900         已撤            0               0
09:34:04.000    210171764       10132           1980619                 600158          101 证券卖出            200             9.5600          已成            0               0
09:34:06.000    226168660       10136           1988617                 601137          100 证券买入            2800            14.8700         已成            0               0
09:34:07.000    210171777       10139           1996375                 600875          101 证券卖出            2400            10.1500         部分成交        0               0
09:34:07.000    210171777       10139           1996376                 600875          101 证券卖出            200             10.1400         已成            0               0
09:34:08.000    234171199       10146           0104000003130292        300782          100 证券买入            100             417.8400        部分成交        0               0
09:34:08.000    234171199       10146           0104000003130294        300782          100 证券买入            200             417.8400        部分成交        0               0
09:34:08.000    234171198       10143           1996940                 600158          101 证券卖出            200             9.5600          部分成交        0               0
09:34:08.000    234171198       10143           1997597                 600158          101 证券卖出            1800            9.5500          部分成交        0               0
09:34:08.000    218173701       10144           1998172                 603486          101 证券卖出            100             37.3500         部分成交        0               0
09:34:08.000    218173701       10144           1998173                 603486          101 证券卖出            100             37.3500         已成            0               0
09:34:08.000    234171198       10143           1997950                 600158          101 证券卖出            1400            9.5500          已成            0               0
09:34:08.000    222179986       10145           0102000003060825        002440          101 证券卖出            19500           10.2900         已成            0               0
09:34:08.000    234171199       10146           0104000003135112        300782          100 证券买入            100             417.8500        已成            0               0
09:34:08.000    230178647       10148           0101000003127039        002084          100 证券买入            400             10.3900         已成            0               0
09:34:09.000    226168674       10141           0104000003141341        002749          101 证券卖出            -200            15.3900         已撤            0               0
09:34:09.000    214175637       10140           0101000003132523        300255          101 证券卖出            -21800          7.5700          已撤            0               0
09:34:09.000    234171200       10149           0101000003133192        300502          100 证券买入            -100            72.1100         已撤            0               0
09:34:09.000    230178646       10142           0104000003142613        300769          101 证券卖出            -100            98.7500         已撤            0               0
09:34:11.000    214175638       10147           WTD:1046000050          601137          100 证券买入            -2600           14.8700         已撤            0               0
09:34:13.000    214175654       10150           0101000003165243        300255          101 证券卖出            2900            7.5400          部分成交        0               0
09:34:13.000    214175654       10150           0101000003165245        300255          101 证券卖出            2900            7.5400          部分成交        0               0
09:34:13.000    214175654       10150           0101000003165247        300255          101 证券卖出            500             7.5400          部分成交        0               0
09:34:13.000    214175654       10150           0101000003165249        300255          101 证券卖出            1100            7.5400          部分成交        0               0
09:34:13.000    214175654       10150           0101000003165251        300255          101 证券卖出            2900            7.5400          部分成交        0               0
09:34:13.000    214175654       10150           0101000003165253        300255          101 证券卖出            300             7.5300          部分成交        0               0
09:34:13.000    214175654       10150           0101000003165255        300255          101 证券卖出            3000            7.5300          部分成交        0               0
09:34:13.000    214175654       10150           0101000003165257        300255          101 证券卖出            4000            7.5300          部分成交        0               0
09:34:13.000    214175654       10150           0101000003165259        300255          101 证券卖出            1500            7.5300          部分成交        0               0
09:34:13.000    214175654       10150           0101000003165261        300255          101 证券卖出            500             7.5300          部分成交        0               0
09:34:13.000    214175654       10150           0101000003165263        300255          101 证券卖出            500             7.5300          部分成交        0               0
09:34:13.000    214175654       10150           0101000003165265        300255          101 证券卖出            600             7.5300          部分成交        0               0
09:34:13.000    238177682       10153           0104000003177805        300769          101 证券卖出            100             98.5000         已成            0               0
09:34:13.000    226168685       10155           0102000003106335        002440          101 证券卖出            6800            10.2900         已成            0               0
09:34:13.000    214175654       10150           0101000003168785        300255          101 证券卖出            1900            7.5300          部分成交        0               0
09:34:13.000    222180004       10158           0101000003168832        002084          100 证券买入            1500            10.3900         已成            0               0
09:34:13.000    202168475       10151           2028383                 603486          101 证券卖出            200             37.3600         已成            0               0
09:34:13.000    214175654       10150           0101000003169361        300255          101 证券卖出            800             7.5300          已成            0               0
09:34:13.000    202168478       10159           0101000003169469        300502          100 证券买入            400             72.2700         已成            0               0
09:34:14.000    230178662       10156           0102000003109545        300552          100 证券买入            200             47.6100         已成            0               0
09:34:14.000    206176487       10152           0104000003186953        002749          101 证券卖出            -300            15.3800         已撤            0               0
09:34:16.000    202168476       10154           WTD:1046000053          600158          101 证券卖出            -2100           9.5900          已撤            0               0
09:34:16.000    218173713       10157           WTD:1046000054          601137          100 证券买入            -2800           14.8900         已撤            0               0
09:34:18.000    210171809       10165           0101000003211264        300502          100 证券买入            400             72.2500         已成            0               0
09:34:18.000    226168700       10163           2060247                 603486          101 证券卖出            400             37.3600         部分成交        0               0
09:34:18.000    238177705       10160           2059530                 600875          101 证券卖出            100             10.1600         已成            0               0
09:34:18.000    226168700       10163           2060248                 603486          101 证券卖出            100             37.3400         已成            0               0
09:34:19.000    234171222       10167           2061119                 601137          100 证券买入            5500            14.9000         已成            0               0
09:34:20.000    206176511       10164           0104000003238227        002749          101 证券卖出            -400            15.3700         已撤            0               0
09:34:20.000    222180029       10162           WTD:1046000058          600158          101 证券卖出            -7100           9.5500          已撤            0               0
09:34:21.000    202168495       10161           0104000003241031        300769          101 证券卖出            -100            98.4500         已撤            0               0
09:34:21.000    230178689       10166           0102000003167009        300552          100 证券买入            -300            47.6700         已撤            0               0
09:34:24.000    230178702       10168           2088530                 600158          101 证券卖出            500             9.5400          已成            0               0
09:34:29.000    238177743       10172           0102000003227309        300552          100 证券买入            100             47.7300         已成            0               0
09:34:29.000    234171258       10170           2115398                 600158          101 证券卖出            2200            9.5500          部分成交        0               0
09:34:29.000    218173761       10171           2115705                 600875          101 证券卖出            200             10.1800         已成            0               0
09:34:29.000    226168730       10169           0104000003306583        300769          101 证券卖出            -100            98.4300         已撤            0               0
09:34:30.000    234171258       10170           2119295                 600158          101 证券卖出            100             9.5500          部分成交        0               0
09:34:30.000    234171258       10170           2119296                 600158          101 证券卖出            100             9.5500          部分成交        0               0
09:34:30.000    234171258       10170           2119299                 600158          101 证券卖出            100             9.5500          部分成交        0               0
09:34:30.000    234171258       10170           2119792                 600158          101 证券卖出            1000            9.5500          部分成交        0               0
09:34:31.000    234171258       10170           2125414                 600158          101 证券卖出            2400            9.5500          已成            0               0
09:34:34.000    210171854       10175           0102000003262812        300552          100 证券买入            200             47.8500         部分成交        0               0
09:34:34.000    214175720       10176           0101000003325194        002084          100 证券买入            100             10.4000         已成            0               0
09:34:34.000    210171854       10175           0102000003264810        300552          100 证券买入            700             47.8500         已成            0               0
09:34:34.000    202168538       10173           2141697                 600158          101 证券卖出            7600            9.5600          部分成交        0               0
09:34:34.000    202168538       10173           2141698                 600158          101 证券卖出            600             9.5400          已成            0               0
09:34:35.000    206176560       10174           0104000003346597        300769          101 证券卖出            100             98.5700         已成            0               0
09:34:35.000    218173773       10177           0101000003331360        300502          100 证券买入            -400            72.2600         已撤            0               0
09:35:16.000    202168612       10178           2356932                 603486          101 证券卖出            700             37.3800         已成            0               0
09:35:21.000    210171956       10180           2382630                 601137          100 证券买入            700             14.8600         部分成交        0               0
09:35:21.000    210171956       10180           2382631                 601137          100 证券买入            300             14.8600         已成            0               0
09:35:22.000    222180163       10179           2386969                 603486          101 证券卖出            100             37.3300         已成            0               0
09:35:26.000    218173888       10181           2406495                 603486          101 证券卖出            200             37.3200         部分成交        0               0
09:35:26.000    218173888       10181           2406496                 603486          101 证券卖出            100             37.3100         已成            0               0
09:35:31.000    238177878       10186           0101000003716002        002084          100 证券买入            100             10.3500         部分成交        0               0
09:35:31.000    238177878       10186           0101000003716004        002084          100 证券买入            500             10.3600         部分成交        0               0
09:35:31.000    238177878       10186           0101000003716006        002084          100 证券买入            200             10.3700         已成            0               0
09:35:31.000    238177877       10182           0104000003744672        002749          101 证券卖出            500             15.3900         部分成交        0               0
09:35:31.000    202168647       10183           2430415                 600875          101 证券卖出            400             10.1800         已成            0               0
09:35:31.000    222180189       10184           2431026                 603486          101 证券卖出            100             37.3000         已成            0               0
09:35:32.000    238177877       10182           0104000003748470        002749          101 证券卖出            -600            15.3900         部撤            0               0
09:35:32.000    226168856       10185           0103000004041952        300406          101 证券卖出            -300            23.2900         已撤            0               0
09:35:36.000    234171396       10188           0103000004068973        300406          101 证券卖出            300             23.3000         已成            0               0
09:35:36.000    214175830       10189           0104000003775899        002749          101 证券卖出            500             15.3900         部分成交        0               0
09:35:36.000    214175830       10189           0104000003775901        002749          101 证券卖出            1100            15.3700         已成            0               0
09:35:37.000    230178856       10192           0101000003746243        002084          100 证券买入            100             10.3300         已成            0               0
09:35:37.000    218173906       10190           2454879                 603486          101 证券卖出            100             37.2600         部分成交        0               0
09:35:36.000    230178854       10187           2454476                 600158          101 证券卖出            100             9.5200          已成            0               0
09:35:37.000    218173906       10190           2454880                 603486          101 证券卖出            100             37.2600         部分成交        0               0
09:35:37.000    218173906       10190           2454881                 603486          101 证券卖出            100             37.2600         部分成交        0               0
09:35:37.000    218173906       10190           2454882                 603486          101 证券卖出            100             37.2600         部分成交        0               0
09:35:37.000    218173906       10190           2454883                 603486          101 证券卖出            100             37.2600         部分成交        0               0
09:35:37.000    218173906       10190           2454884                 603486          101 证券卖出            100             37.2600         部分成交        0               0
09:35:37.000    218173906       10190           2454885                 603486          101 证券卖出            100             37.2600         部分成交        0               0
09:35:37.000    218173906       10190           2454886                 603486          101 证券卖出            100             37.2600         部分成交        0               0
09:35:37.000    218173906       10190           2454887                 603486          101 证券卖出            400             37.2600         部分成交        0               0
09:35:37.000    218173906       10190           2454888                 603486          101 证券卖出            100             37.2600         部分成交        0               0
09:35:37.000    226168863       10191           2455175                 601137          100 证券买入            100             14.8600         部分成交        0               0
09:35:37.000    226168863       10191           2455176                 601137          100 证券买入            100             14.8600         部分成交        0               0
09:35:37.000    226168863       10191           2455177                 601137          100 证券买入            100             14.8700         部分成交        0               0
09:35:37.000    226168863       10191           2455178                 601137          100 证券买入            200             14.8700         已成            0               0
09:35:37.000    218173906       10190           2454889                 603486          101 证券卖出            100             37.2600         部分成交        0               0
09:35:37.000    218173906       10190           2454890                 603486          101 证券卖出            100             37.2600         部分成交        0               0
09:35:37.000    218173906       10190           2454891                 603486          101 证券卖出            100             37.2600         部分成交        0               0
09:35:37.000    218173906       10190           2454892                 603486          101 证券卖出            100             37.2600         已成            0               0
09:35:38.000    210171985       10193           0101000003754972        300502          100 证券买入            -200            71.8800         已撤            0               0
09:35:43.000    202168657       10194           0101000003783865        002084          100 证券买入            -700            10.3500         已撤            0               0
09:35:47.000    218173923       10196           0104000003837568        300769          101 证券卖出            100             97.8000         已成            0               0
09:35:47.000    222180211       10197           0103000004134167        300406          101 证券卖出            300             23.3900         已成            0               0
09:35:47.000    234171414       10198           0104000003838169        002749          101 证券卖出            700             15.3700         部分成交        0               0
09:35:47.000    234171414       10198           0104000003838171        002749          101 证券卖出            500             15.3700         已成            0               0
09:35:47.000    210172001       10195           2497506                 603486          101 证券卖出            900             37.2600         已成            0               0
09:35:47.000    222180212       10200           0101000003805323        002084          100 证券买入            200             10.3600         部分成交        0               0
09:35:47.000    222180212       10200           0101000003805325        002084          100 证券买入            400             10.3600         部分成交        0               0
09:35:47.000    222180212       10200           0101000003805327        002084          100 证券买入            100             10.3600         已成            0               0
09:35:47.000    238177897       10199           2498028                 601137          100 证券买入            400             14.8700         已成            0               0
09:35:52.000    214175857       10201           0104000003869940        002749          101 证券卖出            700             15.3600         已成            0               0
09:35:52.000    202168675       10204           0101000003834573        002084          100 证券买入            100             10.3400         部分成交        0               0
09:35:52.000    202168675       10204           0101000003834575        002084          100 证券买入            100             10.3500         已成            0               0
09:35:52.000    218173936       10202           2518620                 603486          101 证券卖出            200             37.2800         已成            0               0
09:35:53.000    238177910       10203           0101000003840568        300502          100 证券买入            -300            72.0700         已撤            0               0
09:35:57.000    202168678       10205           0104000003902651        002749          101 证券卖出            100             15.3700         部分成交        0               0
09:35:57.000    202168678       10205           0104000003902653        002749          101 证券卖出            100             15.3600         部分成交        0               0
09:35:57.000    202168678       10205           0104000003902655        002749          101 证券卖出            600             15.3600         已成            0               0
09:35:57.000    214175860       10207           0103000004198793        300406          101 证券卖出            300             23.4600         部分成交        0               0
09:35:57.000    214175860       10207           0103000004198795        300406          101 证券卖出            300             23.4500         已成            0               0
09:35:57.000    210172017       10206           0104000003904106        300769          101 证券卖出            100             97.7900         已成            0               0
09:35:57.000    230178892       10209           0101000003865599        300502          100 证券买入            200             72.2100         已成            0               0
09:35:57.000    226168895       10208           2543052                 601137          100 证券买入            600             14.8700         部分成交        0               0
09:35:57.000    226168895       10208           2543053                 601137          100 证券买入            100             14.8700         部分成交        0               0
09:35:58.000    226168895       10208           2546939                 601137          100 证券买入            400             14.8700         已成            0               0
09:36:02.000    214175870       10212           0101000003899575        002084          100 证券买入            100             10.3200         已成            0               0
09:36:02.000    226168905       10213           0101000003900003        300502          100 证券买入            200             72.1400         已成            0               0
09:36:04.000    210172028       10211           0103000004250665        300406          101 证券卖出            500             23.4400         已成            0               0
09:36:07.000    226168904       10210           0104000003973464        002749          101 证券卖出            -800            15.3900         已撤            0               0
09:36:07.000    206176727       10215           0103000004277175        300406          101 证券卖出            700             23.4600         已成            0               0
09:36:07.000    202168698       10214           0104000003981767        300769          101 证券卖出            100             97.8200         已成            0               0
09:36:08.000    234171451       10218           0102000003892046        300552          100 证券买入            200             47.7100         部分成交        0               0
09:36:08.000    234171451       10218           0102000003892048        300552          100 证券买入            100             47.7200         已成            0               0
09:36:08.000    218173959       10216           2590227                 600875          101 证券卖出            200             10.1900         部分成交        0               0
09:36:08.000    218173959       10216           2590228                 600875          101 证券卖出            700             10.1900         部分成交        0               0
09:36:08.000    218173959       10216           2590229                 600875          101 证券卖出            1100            10.1900         已成            0               0
09:36:08.000    222180243       10217           0101000003940403        300502          100 证券买入            -100            72.2000         已撤            0               0
09:36:08.000    238177929       10219           2590694                 601137          100 证券买入            300             14.8600         部分成交        0               0
09:36:08.000    238177929       10219           2590695                 601137          100 证券买入            1500            14.8600         部分成交        0               0
09:36:08.000    238177929       10219           2590696                 601137          100 证券买入            1500            14.8700         部分成交        0               0
09:36:09.000    238177929       10219           2596748                 601137          100 证券买入            300             14.8700         已成            0               0
09:36:13.000    206176733       10221           0101000003979343        300502          100 证券买入            69              72.3700         部分成交        0               0
09:36:13.000    206176733       10221           0101000003979560        300502          100 证券买入            100             72.3700         部分成交        0               0
09:36:13.000    206176733       10221           0101000003979587        300502          100 证券买入            100             72.3700         部分成交        0               0
09:36:13.000    206176733       10221           0101000003979723        300502          100 证券买入            100             72.3700         部分成交        0               0
09:36:13.000    206176733       10221           0101000003979918        300502          100 证券买入            31              72.3700         已成            0               0
09:36:14.000    218173973       10220           0104000004043698        002749          101 证券卖出            -1000           15.3500         已撤            0               0
09:36:18.000    226168938       10222           0103000004368411        300406          101 证券卖出            700             23.4800         已成            0               0
09:36:18.000    206176747       10224           0104000004077888        002749          101 证券卖出            200             15.3000         部分成交        0               0
09:36:18.000    206176747       10224           0104000004077920        002749          101 证券卖出            200             15.2900         部分成交        0               0
09:36:18.000    206176747       10224           0104000004077979        002749          101 证券卖出            100             15.2900         部分成交        0               0
09:36:18.000    202168720       10223           2651160                 600875          101 证券卖出            1200            10.2100         已成            0               0
09:36:18.000    218173986       10225           2651521                 601137          100 证券买入            700             14.8800         已成            0               0
09:36:19.000    206176747       10224           0104000004090242        002749          101 证券卖出            100             15.2900         部分成交        0               0
09:36:19.000    206176747       10224           0104000004092758        002749          101 证券卖出            200             15.2900         已成            0               0
09:36:20.000    222180263       10226           0101000004036437        300502          100 证券买入            -200            72.3500         已撤            0               0
09:36:23.000    226168954       10227           0104000004123957        002749          101 证券卖出            1900            15.2600         已成            0               0
09:36:23.000    210172082       10229           0103000004415041        300406          101 证券卖出            300             23.5200         部分成交        0               0
09:36:23.000    210172082       10229           0103000004415043        300406          101 证券卖出            400             23.5100         已成            0               0
09:36:23.000    226168955       10231           0101000004059793        300502          100 证券买入            300             72.4900         已成            0               0
09:36:23.000    214175904       10230           2678439                 601137          100 证券买入            800             14.8700         部分成交        0               0
09:36:23.000    214175904       10230           2678440                 601137          100 证券买入            200             14.8800         已成            0               0
09:36:23.000    230178940       10228           2677671                 600875          101 证券卖出            100             10.2200         已成            0               0
09:36:28.000    218174026       10233           0101000004093952        300502          100 证券买入            100             72.3700         已成            0               0
09:36:29.000    210172102       10232           0104000004168703        002749          101 证券卖出            -600            15.3100         已撤            0               0
09:36:33.000    214175923       10236           0101000004128961        002084          100 证券买入            200             10.3500         部分成交        0               0
09:36:33.000    210172111       10235           0104000004200915        002749          101 证券卖出            1400            15.2700         已成            0               0
09:36:33.000    214175923       10236           0101000004128963        002084          100 证券买入            100             10.3600         部分成交        0               0
09:36:33.000    214175923       10236           0101000004128965        002084          100 证券买入            100             10.3600         部分成交        0               0
09:36:33.000    214175923       10236           0101000004128967        002084          100 证券买入            100             10.3600         部分成交        0               0
09:36:33.000    214175923       10236           0101000004128969        002084          100 证券买入            400             10.3700         已成            0               0
09:36:34.000    210172112       10237           0101000004129882        300502          100 证券买入            200             72.2200         已成            0               0
09:36:33.000    202168771       10234           2726397                 600875          101 证券卖出            400             10.2000         已成            0               0
09:36:35.000    214175924       10238           0102000004110180        300552          100 证券买入            -700            47.9000         已撤            0               0
09:36:39.000    218174043       10239           0103000004525400        300406          101 证券卖出            400             23.5700         已成            0               0
09:36:39.000    234171535       10240           0102000004134877        300552          100 证券买入            500             47.9000         部分成交        0               0
09:36:39.000    202168783       10242           0104000004239397        002749          101 证券卖出            700             15.3200         已成            0               0
09:36:39.000    234171535       10240           0102000004134879        300552          100 证券买入            100             47.9500         已成            0               0
09:36:39.000    218174044       10244           0101000004164305        300502          100 证券买入            300             72.1200         已成            0               0
09:36:39.000    214175931       10243           0101000004164308        002084          100 证券买入            100             10.3500         已成            0               0
09:36:39.000    238177982       10241           2751049                 601137          100 证券买入            200             14.8800         部分成交        0               0
09:36:39.000    238177982       10241           2751050                 601137          100 证券买入            200             14.8800         部分成交        0               0
09:36:39.000    238177982       10241           2751051                 601137          100 证券买入            100             14.8800         部分成交        0               0
09:36:39.000    238177982       10241           2751082                 601137          100 证券买入            200             14.8800         已成            0               0
09:36:44.000    202168795       10245           0104000004277042        002749          101 证券卖出            700             15.3300         已成            0               0
09:36:44.000    210172128       10246           0101000004200088        300502          100 证券买入            100             72.1500         部分成交        0               0
09:36:47.000    210172128       10246           0101000004217894        300502          100 证券买入            -200            72.1500         部撤            0               0
09:36:47.000    214175940       10247           0102000004190694        300552          100 证券买入            -300            47.9700         已撤            0               0
09:36:49.000    222180316       10251           2796321                 601137          100 证券买入            400             14.8700         已成            0               0
09:36:49.000    210172134       10250           2795931                 600875          101 证券卖出            1200            10.2100         部分成交        0               0
09:36:49.000    210172134       10250           2795932                 600875          101 证券卖出            800             10.2000         已成            0               0
09:36:50.000    202168802       10249           0103000004602973        300406          101 证券卖出            300             23.5100         已成            0               0
09:36:50.000    230178982       10253           0101000004236383        300502          100 证券买入            -200            72.2100         已撤            0               0
09:36:50.000    234171550       10254           0102000004209359        300552          100 证券买入            -400            48.1000         已撤            0               0
09:36:50.000    214175948       10248           0104000004318249        300769          101 证券卖出            -100            98.1500         已撤            0               0
09:36:54.000    238178001       10255           0104000004345474        300769          101 证券卖出            100             97.9200         已成            0               0
09:36:54.000    222180320       10256           0103000004630617        300406          101 证券卖出            600             23.5200         已成            0               0
09:36:54.000    226169017       10257           2819402                 600875          101 证券卖出            900             10.2100         部分成交        0               0
09:36:54.000    226169017       10257           2819403                 600875          101 证券卖出            1900            10.2000         部分成交        0               0
09:36:54.000    226169017       10257           2819404                 600875          101 证券卖出            400             10.1900         部分成交        0               0
09:36:54.000    226169017       10257           2819405                 600875          101 证券卖出            1000            10.1900         部分成交        0               0
09:36:54.000    226169017       10257           2819406                 600875          101 证券卖出            1000            10.1900         已成            0               0
09:36:55.000    234171556       10260           2820434                 601137          100 证券买入            100             14.8600         部分成交        0               0
09:36:55.000    234171556       10260           2820435                 601137          100 证券买入            2400            14.8600         已成            0               0
09:36:56.000    226169018       10258           0101000004271998        300502          100 证券买入            -100            72.3600         已撤            0               0
09:36:56.000    230178988       10259           0102000004246602        300552          100 证券买入            -500            48.1100         已撤            0               0
09:37:39.000    210172202       10261           0104000004644672        300769          101 证券卖出            100             98.0000         已成            0               0
09:37:39.000    210172203       10264           0101000004540965        002084          100 证券买入            300             10.3400         已成            0               0
09:37:39.000    202168871       10266           0102000004518820        300552          100 证券买入            200             48.0000         已成            0               0
09:37:39.000    226169085       10263           3022004                 600875          101 证券卖出            2100            10.2100         已成            0               0
09:37:40.000    214176019       10265           0101000004545671        300502          100 证券买入            100             72.2100         部分成交        0               0
09:37:40.000    214176019       10265           0101000004547069        300502          100 证券买入            400             72.2100         已成            0               0
09:37:41.000    222180382       10262           0103000004940164        300406          101 证券卖出            600             23.5600         已成            0               0
09:37:44.000    230179068       10267           0104000004679802        300769          101 证券卖出            100             97.9300         已成            0               0
09:37:44.000    214176038       10268           0102000004552677        300552          100 证券买入            100             48.0000         已成            0               0
09:37:44.000    218174138       10269           0101000004574965        002084          100 证券买入            100             10.3400         部分成交        0               0
09:37:44.000    218174138       10269           0101000004574967        002084          100 证券买入            100             10.3400         部分成交        0               0
09:37:44.000    222180401       10270           0101000004574972        300502          100 证券买入            100             72.2000         部分成交        0               0
09:37:44.000    218174138       10269           0101000004574969        002084          100 证券买入            100             10.3400         已成            0               0
09:37:44.000    222180401       10270           0101000004574974        300502          100 证券买入            100             72.2000         部分成交        0               0
09:37:44.000    222180401       10270           0101000004574976        300502          100 证券买入            100             72.2000         已成            0               0
09:37:46.000    226169107       10271           0103000004973036        300406          101 证券卖出            700             23.5500         已成            0               0
09:37:49.000    234171654       10272           0104000004714176        300769          101 证券卖出            100             97.9300         部分成交        0               0
09:37:49.000    238178091       10273           0101000004605461        002084          100 证券买入            200             10.3400         部分成交        0               0
09:37:49.000    238178091       10273           0101000004605463        002084          100 证券买入            100             10.3400         已成            0               0
09:37:49.000    234171654       10272           0104000004714178        300769          101 证券卖出            100             97.9100         已成            0               0
09:37:49.000    210172242       10274           0101000004606077        300502          100 证券买入            100             72.2000         已成            0               0
09:37:50.000    218174154       10275           0102000004588862        300552          100 证券买入            -800            48.0300         已撤            0               0
09:37:54.000    218174166       10277           0101000004635590        300502          100 证券买入            100             72.2000         已成            0               0
09:37:54.000    206176902       10279           0101000004636352        002084          100 证券买入            200             10.3500         部分成交        0               0
09:37:54.000    206176902       10279           0101000004636354        002084          100 证券买入            100             10.3500         已成            0               0
09:37:55.000    222180444       10278           0102000004617798        300552          100 证券买入            200             48.0600         已成            0               0
09:37:56.000    222180443       10276           0104000004755933        300769          101 证券卖出            -200            97.8700         已撤            0               0
09:37:59.000    202168939       10280           0104000004777062        300769          101 证券卖出            200             97.9100         已成            0               0
09:37:59.000    206176915       10281           0101000004665577        002084          100 证券买入            100             10.3500         已成            0               0
09:38:00.000    222180452       10282           0101000004666581        300502          100 证券买入            100             72.2700         部分成交        0               0
09:38:01.000    222180452       10282           0101000004673708        300502          100 证券买入            100             72.2700         已成            0               0
09:38:02.000    214176087       10283           0102000004659592        300552          100 证券买入            -500            48.0300         已撤            0               0
09:38:05.000    238178132       10285           0101000004698801        002084          100 证券买入            100             10.3400         已成            0               0
09:38:05.000    210172284       10286           0101000004699340        300502          100 证券买入            100             72.2900         已成            0               0
09:38:05.000    234171695       10284           0104000004817419        300769          101 证券卖出            -200            98.2400         已撤            0               0
09:38:10.000    222180493       10289           0101000004731889        300502          100 证券买入            100             72.2800         部分成交        0               0
09:38:10.000    218174207       10288           0104000004848658        300769          101 证券卖出            100             98.0100         已成            0               0
09:38:10.000    222180493       10289           0101000004731891        300502          100 证券买入            100             72.2900         已成            0               0
09:38:10.000    206176954       10290           0101000004732509        002084          100 证券买入            100             10.3500         已成            0               0
09:38:11.000    214176103       10287           0102000004716358        300552          100 证券买入            -500            48.1200         已撤            0               0
09:38:15.000    226169204       10292           0101000004760698        002084          100 证券买入            100             10.3500         已成            0               0
09:38:15.000    230179152       10293           0101000004760701        300502          100 证券买入            200             72.3000         已成            0               0
09:38:17.000    206176967       10291           0104000004891511        300769          101 证券卖出            -100            98.2300         已撤            0               0
09:38:20.000    226169216       10295           0101000004792330        002084          100 证券买入            100             10.3500         已成            0               0
09:38:20.000    230179172       10296           0101000004792333        300502          100 证券买入            100             72.3000         已成            0               0
09:38:23.000    202169004       10294           0104000004927747        300769          101 证券卖出            -100            98.1500         已撤            0               0
09:38:25.000    202169022       10297           0104000004939511        300769          101 证券卖出            100             97.8200         部分成交        0               0
09:38:25.000    210172338       10298           0101000004822339        002084          100 证券买入            100             10.3600         已成            0               0
09:38:29.000    202169022       10297           0104000004962441        300769          101 证券卖出            100             97.8200         已成            0               0
09:38:30.000    226169240       10299           0104000004968194        300769          101 证券卖出            100             97.8000         已成            0               0
09:38:40.000    202169051       10300           0104000005030075        300769          101 证券卖出            100             97.8000         已成            0               0
09:38:45.000    230179227       10301           0104000005056365        300769          101 证券卖出            200             97.8000         已成            0               0
09:38:46.000    234171794       10302           0103000005365911        300406          101 证券卖出            700             23.4300         已成            0               0
09:38:50.000    238178244       10303           0104000005085245        300769          101 证券卖出            200             97.8000         已成            0               0
09:38:50.000    218174300       10304           0101000004957857        300502          100 证券买入            100             72.3200         已成            0               0
09:38:55.000    238178252       10305           0101000004984694        300502          100 证券买入            100             72.3800         部分成交        0               0
09:38:55.000    238178252       10305           0101000004984696        300502          100 证券买入            100             72.3800         已成            0               0
09:39:01.000    230179254       10306           0101000005018388        300502          100 证券买入            100             72.4200         已成            0               0
09:39:05.000    238178278       10308           0101000005040254        300502          100 证券买入            200             72.3500         已成            0               0
09:39:05.000    234171845       10307           0104000005173689        300769          101 证券卖出            100             97.7200         已成            0               0
09:39:10.000    214176256       10309           0104000005204551        300769          101 证券卖出            100             97.7200         已成            0               0
09:39:10.000    222180620       10310           0101000005068633        300502          100 证券买入            120             72.3200         部分成交        0               0
09:39:10.000    222180620       10310           0101000005068635        300502          100 证券买入            280             72.3200         已成            0               0
09:39:15.000    202169122       10312           0101000005094420        300502          100 证券买入            200             72.2700         部分成交        0               0
09:39:15.000    202169122       10312           0101000005094422        300502          100 证券买入            100             72.3100         部分成交        0               0
09:39:15.000    238178298       10311           0104000005233919        300769          101 证券卖出            100             97.7200         已成            0               0
09:39:15.000    202169122       10312           0101000005094424        300502          100 证券买入            100             72.3100         已成            0               0
09:39:15.000    222180631       10313           0102000005079351        300552          100 证券买入            100             48.2200         部分成交        0               0
09:39:15.000    222180631       10313           0102000005079353        300552          100 证券买入            200             48.2200         已成            0               0
09:39:20.000    206177101       10314           0101000005124424        300502          100 证券买入            200             72.2700         已成            0               0
09:39:20.000    210172447       10315           0102000005107834        300552          100 证券买入            300             48.2000         已成            0               0
09:39:25.000    230179304       10316           0104000005300408        300769          101 证券卖出            200             97.7300         已成            0               0
09:39:26.000    206177116       10318           0102000005140255        300552          100 证券买入            100             48.1200         部分成交        0               0
09:39:26.000    206177116       10318           0102000005140257        300552          100 证券买入            500             48.1500         已成            0               0
09:39:26.000    238178322       10317           0101000005156801        300502          100 证券买入            300             72.2700         已成            0               0
09:39:31.000    206177128       10320           0101000005187797        300502          100 证券买入            200             72.2500         已成            0               0
09:39:32.000    202169149       10319           0104000005341946        300769          101 证券卖出            -100            97.9900         已撤            0               0
09:39:36.000    210172481       10321           0101000005218498        300502          100 证券买入            100             72.3500         已成            0               0
09:39:38.000    214176308       10322           0104000005379818        300769          101 证券卖出            -100            97.9500         已撤            0               0
09:39:41.000    202169176       10323           0104000005395585        300769          101 证券卖出            200             97.7200         已成            0               0
09:39:43.000    210172496       10324           0101000005254346        300502          100 证券买入            200             72.3300         已成            0               0
09:39:46.000    238178366       10325           0103000005731324        300406          101 证券卖出            300             23.5100         已成            0               0
09:39:47.000    218174409       10326           0104000005429561        300769          101 证券卖出            100             97.7000         已成            0               0
09:40:36.000    234172018       10327           0101000005576928        002084          100 证券买入            200             10.3700         部分成交        0               0
09:40:36.000    234172018       10327           0101000005576930        002084          100 证券买入            200             10.3700         部分成交        0               0
09:40:36.000    234172018       10327           0101000005576932        002084          100 证券买入            200             10.3700         部分成交        0               0
09:40:36.000    234172018       10327           0101000005576934        002084          100 证券买入            800             10.3800         已成            0               0
09:40:41.000    238178448       10328           0101000005607868        002084          100 证券买入            1500            10.3800         已成            0               0
09:40:46.000    210172582       10329           0101000005635743        002084          100 证券买入            600             10.3800         已成            0               0
09:40:51.000    234172033       10330           0101000005661719        002084          100 证券买入            1000            10.3800         已成            0               0
09:40:56.000    238178463       10331           0101000005689189        002084          100 证券买入            200             10.3800         已成            0               0
09:41:01.000    222180794       10332           0101000005717346        002084          100 证券买入            400             10.3900         已成            0               0
09:41:06.000    234172050       10333           0101000005748915        002084          100 证券买入            100             10.4100         已成            0               0
09:41:11.000    226169533       10334           0101000005785051        002084          100 证券买入            100             10.4200         已成            0               0
09:41:22.000    226169550       10335           0101000005864601        002084          100 证券买入            -200            10.4200         已撤            0               0
09:41:26.000    230179462       10336           0103000006382421        300406          101 证券卖出            300             23.5300         已成            0               0
09:41:31.000    234172102       10337           0103000006415867        300406          101 证券卖出            100             23.5600         部分成交        0               0
09:41:31.000    234172102       10337           0103000006415869        300406          101 证券卖出            100             23.5600         部分成交        0               0
09:41:31.000    234172102       10337           0103000006415871        300406          101 证券卖出            300             23.5600         已成            0               0
09:41:36.000    210172670       10338           0103000006445826        300406          101 证券卖出            100             23.5800         部分成交        0               0
09:41:36.000    210172670       10338           0103000006445828        300406          101 证券卖出            400             23.5700         已成            0               0
09:41:41.000    238178526       10339           0103000006475508        300406          101 证券卖出            700             23.5800         已成            0               0
09:41:46.000    202169354       10340           0103000006502778        300406          101 证券卖出            400             23.5700         已成            0               0
09:41:46.000    214176491       10341           0101000006003610        002084          100 证券买入            200             10.4700         部分成交        0               0
09:41:46.000    214176491       10341           0101000006003612        002084          100 证券买入            200             10.4700         部分成交        0               0
09:41:46.000    214176491       10341           0101000006003614        002084          100 证券买入            200             10.4700         部分成交        0               0
09:41:46.000    214176491       10341           0101000006003616        002084          100 证券买入            1000            10.4800         部分成交        0               0
09:41:46.000    214176491       10341           0101000006003618        002084          100 证券买入            200             10.4800         部分成交        0               0
09:41:46.000    214176491       10341           0101000006003620        002084          100 证券买入            1100            10.4800         已成            0               0
09:41:51.000    210172693       10342           0103000006530011        300406          101 证券卖出            200             23.5500         已成            0               0
09:41:56.000    234172124       10343           0103000006558585        300406          101 证券卖出            700             23.5700         已成            0               0
09:42:51.000    226169657       10344           0101000006333274        300502          100 证券买入            300             72.3000         已成            0               0
09:42:56.000    210172751       10345           0101000006356580        300502          100 证券买入            80              72.3000         部分成交        0               0
09:42:56.000    210172751       10345           0101000006356582        300502          100 证券买入            20              72.3000         已成            0               0
09:44:31.000    238178692       10346           0104000007030803        002749          101 证券卖出            500             15.1100         部分成交        0               0
09:44:35.000    238178692       10346           0104000007053183        002749          101 证券卖出            -700            15.1100         部撤            0               0
09:44:36.000    210172844       10347           0104000007055784        002749          101 证券卖出            900             15.1000         已成            0               0
09:44:44.000    234172297       10348           0104000007098806        002749          101 证券卖出            -1400           15.1300         已撤            0               0
09:45:41.000    222181207       10349           0104000007461926        002749          101 证券卖出            500             15.0100         已成            0               0
09:46:06.000    226169985       10350           0104000007612607        002749          101 证券卖出            200             15.0000         已成            0               0
09:46:16.000    230179904       10351           0104000007680935        002749          101 证券卖出            100             14.9900         已成            0               0
09:46:26.000    230179917       10352           0104000007741986        002749          101 证券卖出            100             14.9900         已成            0               0
09:46:41.000    218175037       10353           0104000007826339        002749          101 证券卖出            200             14.9700         已成            0               0
09:47:46.000    214177106       10354           0104000008169975        002749          101 证券卖出            200             14.9600         部分成交        0               0
09:47:46.000    214177106       10354           0104000008169977        002749          101 证券卖出            100             14.9500         已成            0               0
09:48:21.000    202169941       10355           0102000007935594        300552          100 证券买入            100             47.3300         已成            0               0
09:48:41.000    222181513       10356           0102000008025716        300552          100 证券买入            300             47.3400         已成            0               0
09:49:31.000    214177261       10357           0102000008258505        300552          100 证券买入            200             47.3500         已成            0               0
09:49:36.000    206178060       10358           0102000008279955        300552          100 证券买入            400             47.3400         已成            0               0
09:50:31.000    226170359       10359           0101000008647825        000059          101 证券卖出            300             5.4500          已成            0               0
09:50:46.000    210173466       10360           0101000008712659        000059          101 证券卖出            200             5.4500          已成            0               0
09:51:11.000    202170169       10361           0101000008823463        000059          101 证券卖出            5100            5.4600          已成            0               0
10:00:12.000    206178991       10362           0104000011450204        002312          101 证券卖出            900             6.1200          部分成交        0               0
10:00:12.000    206178991       10362           0104000011450206        002312          101 证券卖出            1300            6.1200          已成            0               0
10:00:17.000    238180224       10363           0104000011475612        002312          101 证券卖出            3100            6.1100          已成            0               0
14:35:02.000    206191858       10364           WTD:1046000097          601818          100 证券买入            -100            3.7800          已撤            0               0
